# FILE_METADATA
{
  "edf": "E:\\BaiduSyncdisk\\nuro_work\\data\\raw\\siena\\PN14\\PN14-2.edf",
  "size_bytes": 459875840,
  "readable": true,
  "duration_sec": 9165.0,
  "n_channels": 49,
  "multi_sampling_rate": false,
  "line_freq": null,
  "recording_type": "EDF",
  "start_time_pyedflib": "2017-01-01T15:50:13",
  "start_time_mne": "2017-01-01 15:50:13+00:00"
}

# QC_THRESHOLDS
{
  "flatline_eps": 1e-12,
  "flatline_min_run_sec": 1.0,
  "saturation_pct": 0.995,
  "robust_z_thresh": 8.0,
  "robust_z_bad_ratio": 0.05,
  "low_variance_quantile": 0.05,
  "high_variance_quantile": 0.95,
  "extreme_p2p_quantile": 0.98,
  "high_corr_threshold": 0.9,
  "low_mean_abs_corr_threshold": 0.2
}

# FILE_FLAGS
[]

# CHANNEL_METADATA
channel channel_type unit_raw unit_norm  sfreq  phys_min   phys_max  dig_min  dig_max  empty_name  duplicated_name  phys_range_invalid  dig_range_invalid
EEG Fp1      unknown       uV        uV  512.0   -4096.0   4095.875 -32768.0  32767.0       False            False               False              False
 EEG F3      unknown       uV        uV  512.0   -4096.0   4095.875 -32768.0  32767.0       False            False               False              False
 EEG C3      unknown       uV        uV  512.0   -4096.0   4095.875 -32768.0  32767.0       False            False               False              False
 EEG P3      unknown       uV        uV  512.0   -4096.0   4095.875 -32768.0  32767.0       False            False               False              False
 EEG O1      unknown       uV        uV  512.0   -4096.0   4095.875 -32768.0  32767.0       False            False               False              False
 EEG F7      unknown       uV        uV  512.0   -4096.0   4095.875 -32768.0  32767.0       False            False               False              False
 EEG T5      unknown       uV        uV  512.0   -4096.0   4095.875 -32768.0  32767.0       False            False               False              False
EEG Fc1      unknown       uV        uV  512.0   -4096.0   4095.875 -32768.0  32767.0       False            False               False              False
EEG Fc5      unknown       uV        uV  512.0   -4096.0   4095.875 -32768.0  32767.0       False            False               False              False
EEG Cp1      unknown       uV        uV  512.0   -4096.0   4095.875 -32768.0  32767.0       False            False               False              False
EEG Cp5      unknown       uV        uV  512.0   -4096.0   4095.875 -32768.0  32767.0       False            False               False              False
 EEG F9      unknown       uV        uV  512.0   -4096.0   4095.875 -32768.0  32767.0       False            False               False              False
 EEG Fz      unknown       uV        uV  512.0   -4096.0   4095.875 -32768.0  32767.0       False            False               False              False
 EEG Pz      unknown       uV        uV  512.0   -4096.0   4095.875 -32768.0  32767.0       False            False               False              False
 EEG F4      unknown       uV        uV  512.0   -4096.0   4095.875 -32768.0  32767.0       False            False               False              False
 EEG C4      unknown       uV        uV  512.0   -4096.0   4095.875 -32768.0  32767.0       False            False               False              False
 EEG P4      unknown       uV        uV  512.0   -4096.0   4095.875 -32768.0  32767.0       False            False               False              False
 EEG O2      unknown       uV        uV  512.0   -4096.0   4095.875 -32768.0  32767.0       False            False               False              False
 EEG F8      unknown       uV        uV  512.0   -4096.0   4095.875 -32768.0  32767.0       False            False               False              False
 EEG T4      unknown       uV        uV  512.0   -4096.0   4095.875 -32768.0  32767.0       False            False               False              False
 EEG T6      unknown       uV        uV  512.0   -4096.0   4095.875 -32768.0  32767.0       False            False               False              False
EEG Fc2      unknown       uV        uV  512.0   -4096.0   4095.875 -32768.0  32767.0       False            False               False              False
EEG Fc6      unknown       uV        uV  512.0   -4096.0   4095.875 -32768.0  32767.0       False            False               False              False
EEG Cp2      unknown       uV        uV  512.0   -4096.0   4095.875 -32768.0  32767.0       False            False               False              False
EEG Cp6      unknown       uV        uV  512.0   -4096.0   4095.875 -32768.0  32767.0       False            False               False              False
EEG F10      unknown       uV        uV  512.0   -4096.0   4095.875 -32768.0  32767.0       False            False               False              False
   SPO2         spo2        %         %  512.0  -32768.0  32767.000 -32768.0  32767.0       False            False               False              False
     HR      unknown      bpm       bpm  512.0  -32768.0  32767.000 -32768.0  32767.0       False            False               False              False
      1      unknown       uV        uV  512.0   -4096.0   4095.875 -32768.0  32767.0       False            False               False              False
      2      unknown       uV        uV  512.0   -4096.0   4095.875 -32768.0  32767.0       False            False               False              False
EEG FP2      unknown       uV        uV  512.0   -4096.0   4095.875 -32768.0  32767.0       False            False               False              False
 EEG P9      unknown       uV        uV  512.0   -4096.0   4095.875 -32768.0  32767.0       False            False               False              False
EEG P10      unknown       uV        uV  512.0   -4096.0   4095.875 -32768.0  32767.0       False            False               False              False
   PLET          eeg       au        au  512.0  -32768.0  32767.000 -32768.0  32767.0       False            False               False              False
     61      unknown       uV        uV  512.0   -4096.0   4095.875 -32768.0  32767.0       False            False               False              False
     62      unknown       uV        uV  512.0   -4096.0   4095.875 -32768.0  32767.0       False            False               False              False
     63      unknown       uV        uV  512.0   -4096.0   4095.875 -32768.0  32767.0       False            False               False              False
     64      unknown       uV        uV  512.0   -4096.0   4095.875 -32768.0  32767.0       False            False               False              False
 EEG T3      unknown       uV        uV  512.0   -4096.0   4095.875 -32768.0  32767.0       False            False               False              False
 EEG CZ      unknown       uV        uV  512.0   -4096.0   4095.875 -32768.0  32767.0       False            False               False              False
      3      unknown       uV        uV  512.0   -4096.0   4095.875 -32768.0  32767.0       False            False               False              False
     23      unknown       uV        uV  512.0   -4096.0   4095.875 -32768.0  32767.0       False            False               False              False
     33      unknown       uV        uV  512.0   -4096.0   4095.875 -32768.0  32767.0       False            False               False              False
     31      unknown       uV        uV  512.0   -4096.0   4095.875 -32768.0  32767.0       False            False               False              False
      A      unknown       uV        uV  512.0 -499712.0 499696.800 -32768.0  32767.0       False            False               False              False
      B      unknown       uV        uV  512.0 -499712.0 499696.800 -32768.0  32767.0       False            False               False              False
      C          eeg       uV        uV  512.0 -499712.0 499696.800 -32768.0  32767.0       False            False               False              False
      D      unknown       uV        uV  512.0 -499712.0 499696.800 -32768.0  32767.0       False            False               False              False
     MK      unknown       uV        uV  512.0  -32768.0  32767.000 -32768.0  32767.0       False            False               False              False

# CHANNEL_QC_STATS
channel          mean          std       min      max  peak_to_peak        median       q01       q05       q25       q75       q95       q99      iqr      mad  nan_count  inf_count  nan_inf_ratio  flatline_total_sec  flatline_ratio  flatline_longest_sec  saturation_ratio  robust_z_outlier_ratio  low_variance_flag  high_variance_flag  extreme_peak_to_peak_flag
EEG Fp1 -1.068915e-06 1.075909e-04 -0.001906 0.004086      0.005992 -3.125000e-06 -0.000187 -0.000093 -0.000027  0.000020  0.000093  0.000204 0.000047 0.000024          0          0            0.0            0.000000             0.0              0.000000               0.0            8.974998e-03              False               False                      False
 EEG F3  1.364957e-06 7.004784e-05 -0.001909 0.001670      0.003579 -5.500000e-06 -0.000116 -0.000071 -0.000030  0.000021  0.000107  0.000173 0.000052 0.000026          0          0            0.0            0.000000             0.0              0.000000               0.0            4.291334e-03              False               False                      False
 EEG C3 -2.329569e-06 3.791782e-05 -0.001964 0.002116      0.004080 -1.875000e-06 -0.000076 -0.000041 -0.000015  0.000010  0.000035  0.000073 0.000025 0.000013          0          0            0.0            0.000000             0.0              0.000000               0.0            3.768157e-03              False               False                      False
 EEG P3  6.415093e-07 3.453052e-05 -0.001908 0.000544      0.002451  2.375000e-06 -0.000073 -0.000039 -0.000010  0.000014  0.000033  0.000058 0.000024 0.000012          0          0            0.0            0.000000             0.0              0.000000               0.0            2.530005e-03              False               False                      False
 EEG O1  6.349910e-07 4.047057e-05 -0.001782 0.002239      0.004020  1.000000e-06 -0.000076 -0.000040 -0.000013  0.000015  0.000040  0.000070 0.000028 0.000014          0          0            0.0            0.000000             0.0              0.000000               0.0            2.069908e-03              False               False                      False
 EEG F7  1.267222e-06 5.459903e-05 -0.002489 0.001185      0.003674  0.000000e+00 -0.000119 -0.000069 -0.000022  0.000022  0.000081  0.000151 0.000045 0.000022          0          0            0.0            0.000000             0.0              0.000000               0.0            2.092923e-03              False               False                      False
 EEG T5  1.194113e-06 5.643531e-05 -0.001927 0.001797      0.003725  2.750000e-06 -0.000090 -0.000045 -0.000012  0.000016  0.000042  0.000074 0.000029 0.000014          0          0            0.0            0.000000             0.0              0.000000               0.0            4.076309e-03              False               False                      False
EEG Fc1 -1.644051e-06 3.173739e-05 -0.001884 0.000474      0.002358  7.500000e-07 -0.000072 -0.000039 -0.000009  0.000010  0.000024  0.000041 0.000019 0.000009          0          0            0.0            0.000000             0.0              0.000000               0.0            3.553558e-03              False               False                      False
EEG Fc5 -9.987305e-07 3.965179e-05 -0.002047 0.000707      0.002754  2.500000e-07 -0.000093 -0.000048 -0.000015  0.000015  0.000042  0.000081 0.000029 0.000014          0          0            0.0            0.000000             0.0              0.000000               0.0            3.168261e-03              False               False                      False
EEG Cp1 -2.504397e-06 4.146686e-05 -0.001903 0.002404      0.004307  1.250000e-07 -0.000087 -0.000049 -0.000013  0.000012  0.000030  0.000054 0.000024 0.000012          0          0            0.0            0.000000             0.0              0.000000               0.0            3.328943e-03              False               False                      False
EEG Cp5  2.101483e-07 3.605607e-05 -0.001944 0.001317      0.003262  1.750000e-06 -0.000076 -0.000041 -0.000012  0.000014  0.000036  0.000063 0.000026 0.000013          0          0            0.0            0.000000             0.0              0.000000               0.0            2.767620e-03              False               False                      False
 EEG F9 -1.914546e-06 4.933920e-05 -0.001934 0.000728      0.002662 -3.750000e-06 -0.000109 -0.000064 -0.000024  0.000018  0.000069  0.000134 0.000042 0.000021          0          0            0.0            0.000000             0.0              0.000000               0.0            1.766870e-03              False               False                      False
 EEG Fz -1.015735e-06 7.392867e-05 -0.003287 0.004076      0.007364 -3.500000e-06 -0.000071 -0.000034 -0.000013  0.000006  0.000034  0.000124 0.000020 0.000010          0          0            0.0            0.000000             0.0              0.000000               0.0            1.440155e-02              False               False                      False
 EEG Pz -2.249863e-08 5.833372e-05 -0.004096 0.004079      0.008175  6.250000e-07 -0.000070 -0.000034 -0.000010  0.000011  0.000028  0.000062 0.000022 0.000011          0          0            0.0            0.000000             0.0              0.000000               0.0            5.954847e-03              False               False                      False
 EEG F4 -2.919774e-07 6.498632e-05 -0.001917 0.000583      0.002500 -8.625000e-06 -0.000123 -0.000077 -0.000033  0.000019  0.000116  0.000217 0.000052 0.000026          0          0            0.0            0.000000             0.0              0.000000               0.0            2.785734e-03              False               False                      False
 EEG C4  2.715693e-06 3.643554e-05 -0.001902 0.001394      0.003296  2.875000e-06 -0.000068 -0.000036 -0.000010  0.000016  0.000041  0.000074 0.000027 0.000013          0          0            0.0            0.000000             0.0              0.000000               0.0            3.141409e-03              False               False                      False
 EEG P4  2.354145e-06 3.549474e-05 -0.001955 0.000775      0.002730  4.125000e-06 -0.000073 -0.000037 -0.000009  0.000016  0.000036  0.000064 0.000025 0.000013          0          0            0.0            0.000000             0.0              0.000000               0.0            2.306456e-03              False               False                      False
 EEG O2 -1.115290e-06 5.752669e-05 -0.001879 0.003393      0.005272 -2.500000e-07 -0.000078 -0.000041 -0.000014  0.000013  0.000036  0.000063 0.000027 0.000013          0          0            0.0            0.000000             0.0              0.000000               0.0            2.926171e-03              False               False                      False
 EEG F8  5.775129e-07 5.220893e-05 -0.002873 0.001306      0.004179 -3.750000e-07 -0.000116 -0.000063 -0.000022  0.000022  0.000072  0.000128 0.000044 0.000022          0          0            0.0            0.000000             0.0              0.000000               0.0            2.196280e-03              False               False                      False
 EEG T4  3.020430e-06 4.551896e-05 -0.002916 0.001655      0.004571  3.625000e-06 -0.000093 -0.000049 -0.000014  0.000021  0.000056  0.000096 0.000035 0.000017          0          0            0.0            0.000000             0.0              0.000000               0.0            2.803209e-03              False               False                      False
 EEG T6 -1.036209e-06 3.935529e-05 -0.001945 0.000609      0.002554  1.125000e-06 -0.000094 -0.000052 -0.000015  0.000016  0.000041  0.000074 0.000031 0.000015          0          0            0.0            0.000000             0.0              0.000000               0.0            2.231443e-03              False               False                      False
EEG Fc2 -1.695800e-06 2.960879e-05 -0.001833 0.000514      0.002347 -2.000000e-06 -0.000046 -0.000025 -0.000010  0.000006  0.000024  0.000051 0.000017 0.000008          0          0            0.0            0.000000             0.0              0.000000               0.0            4.539817e-03              False               False                      False
EEG Fc6  1.394299e-06 4.099715e-05 -0.002011 0.000785      0.002797  1.500000e-06 -0.000084 -0.000048 -0.000015  0.000018  0.000053  0.000090 0.000034 0.000017          0          0            0.0            0.000000             0.0              0.000000               0.0            1.721478e-03              False               False                      False
EEG Cp2  9.327315e-08 3.458469e-05 -0.001895 0.000520      0.002415  2.750000e-06 -0.000081 -0.000044 -0.000010  0.000014  0.000032  0.000055 0.000024 0.000012          0          0            0.0            0.000000             0.0              0.000000               0.0            2.383814e-03              False               False                      False
EEG Cp6 -1.586485e-06 3.810676e-05 -0.002011 0.001130      0.003141 -2.500000e-07 -0.000086 -0.000045 -0.000014  0.000013  0.000037  0.000070 0.000027 0.000013          0          0            0.0            0.000000             0.0              0.000000               0.0            3.018660e-03              False               False                      False
EEG F10 -3.098185e-06 4.974716e-05 -0.002017 0.000893      0.002911 -3.000000e-06 -0.000120 -0.000068 -0.000025  0.000019  0.000063  0.000124 0.000044 0.000022          0          0            0.0            0.000000             0.0              0.000000               0.0            1.449127e-03              False               False                      False
   SPO2  0.000000e+00 0.000000e+00  0.000000 0.000000      0.000000  0.000000e+00  0.000000  0.000000  0.000000  0.000000  0.000000  0.000000 0.000000 0.000000          0          0            0.0         9164.998047             1.0           9164.998047               0.0            0.000000e+00               True               False                      False
     HR  0.000000e+00 0.000000e+00  0.000000 0.000000      0.000000  0.000000e+00  0.000000  0.000000  0.000000  0.000000  0.000000  0.000000 0.000000 0.000000          0          0            0.0         9164.998047             1.0           9164.998047               0.0            0.000000e+00               True               False                      False
      1  2.438495e-06 1.506215e-04 -0.004096 0.003805      0.007901  1.787500e-05 -0.000512 -0.000240 -0.000044  0.000075  0.000163  0.000326 0.000120 0.000059          0          0            0.0            0.000000             0.0              0.000000               0.0            5.122238e-03              False               False                      False
      2  1.025788e-06 2.540076e-04 -0.004096 0.004090      0.008186 -3.775000e-05 -0.000469 -0.000282 -0.000114  0.000061  0.000393  0.001023 0.000175 0.000085          0          0            0.0            0.000000             0.0              0.000000               0.0            1.201923e-02              False                True                      False
EEG FP2 -6.616336e-07 1.351800e-04 -0.001962 0.004096      0.006058 -1.375000e-06 -0.000171 -0.000065 -0.000019  0.000015  0.000061  0.000133 0.000034 0.000017          0          0            0.0            0.000000             0.0              0.000000               0.0            1.299015e-02              False               False                      False
 EEG P9  3.120813e-07 2.329038e-04 -0.004096 0.004093      0.008189 -2.625000e-06 -0.000467 -0.000280 -0.000095  0.000095  0.000291  0.000485 0.000191 0.000095          0          0            0.0            0.000000             0.0              0.000000               0.0            4.995653e-03              False               False                      False
EEG P10 -3.127013e-06 2.393956e-04 -0.004096 0.004096      0.008192 -6.125000e-06 -0.000487 -0.000294 -0.000103  0.000096  0.000298  0.000498 0.000199 0.000099          0          0            0.0            0.000000             0.0              0.000000               0.0            4.860756e-03              False               False                      False
   PLET  0.000000e+00 0.000000e+00  0.000000 0.000000      0.000000  0.000000e+00  0.000000  0.000000  0.000000  0.000000  0.000000  0.000000 0.000000 0.000000          0          0            0.0         9164.998047             1.0           9164.998047               0.0            0.000000e+00               True               False                      False
     61 -2.873480e-07 2.449124e-04 -0.004096 0.004096      0.008192 -3.250000e-06 -0.000495 -0.000296 -0.000103  0.000102  0.000307  0.000512 0.000204 0.000102          0          0            0.0            0.000000             0.0              0.000000               0.0            4.911902e-03              False               False                      False
     62 -7.978594e-07 2.416656e-04 -0.004096 0.004095      0.008191 -3.750000e-06 -0.000488 -0.000291 -0.000101  0.000098  0.000300  0.000503 0.000199 0.000099          0          0            0.0            0.000000             0.0              0.000000               0.0            5.002046e-03              False               False                      False
     63  5.891274e-07 2.459608e-04 -0.004096 0.004096      0.008192 -2.375000e-06 -0.000496 -0.000298 -0.000102  0.000103  0.000310  0.000514 0.000206 0.000103          0          0            0.0            0.000000             0.0              0.000000               0.0            4.875887e-03              False               False                      False
     64  1.834846e-06 2.436300e-04 -0.004096 0.004095      0.008191 -1.250000e-06 -0.000491 -0.000291 -0.000099  0.000102  0.000305  0.000512 0.000200 0.000100          0          0            0.0            0.000000             0.0              0.000000               0.0            5.018029e-03              False               False                      False
 EEG T3 -1.369027e-06 4.402304e-05 -0.003549 0.001655      0.005204 -5.000000e-07 -0.000090 -0.000048 -0.000016  0.000015  0.000044  0.000081 0.000031 0.000016          0          0            0.0            0.000000             0.0              0.000000               0.0            3.361975e-03              False               False                      False
 EEG CZ -6.766839e-07 3.265834e-05 -0.001876 0.000495      0.002371  2.125000e-06 -0.000077 -0.000041 -0.000009  0.000012  0.000027  0.000044 0.000020 0.000010          0          0            0.0            0.000000             0.0              0.000000               0.0            3.654997e-03              False               False                      False
      3 -1.266258e-06 2.388133e-04 -0.004096 0.004095      0.008191 -4.250000e-06 -0.000481 -0.000292 -0.000101  0.000098  0.000299  0.000496 0.000199 0.000100          0          0            0.0            0.000000             0.0              0.000000               0.0            4.832626e-03              False               False                      False
     23 -9.183028e-07 2.346944e-04 -0.004096 0.004095      0.008191 -3.875000e-06 -0.000472 -0.000285 -0.000098  0.000096  0.000293  0.000487 0.000194 0.000097          0          0            0.0            0.000000             0.0              0.000000               0.0            4.889952e-03              False               False                      False
     33  1.189803e-06 2.579167e-04 -0.004096 0.004096      0.008192 -1.750000e-06 -0.000534 -0.000321 -0.000110  0.000112  0.000335  0.000555 0.000223 0.000111          0          0            0.0            0.000000             0.0              0.000000               0.0            4.449460e-03              False                True                      False
     31 -1.437818e-06 2.353139e-04 -0.004096 0.004095      0.008191 -4.375000e-06 -0.000474 -0.000286 -0.000099  0.000095  0.000294  0.000488 0.000194 0.000097          0          0            0.0            0.000000             0.0              0.000000               0.0            4.914885e-03              False               False                      False
      A -8.607581e-03 3.345695e-03 -0.015524 0.010950      0.026474 -9.454975e-03 -0.014686 -0.012978 -0.011529 -0.005398 -0.003294 -0.001982 0.006131 0.002669          0          0            0.0            0.000000             0.0              0.000000               0.0            0.000000e+00              False                True                       True
      B  4.036735e-03 7.019589e-05  0.003691 0.004850      0.001159  4.026025e-03  0.003919  0.003950  0.003980  0.004087  0.004163  0.004209 0.000107 0.000061          0          0            0.0            0.000000             0.0              0.000000               0.0            4.262139e-07              False               False                      False
      C  7.056229e-03 7.075707e-05  0.006725 0.007778      0.001052  7.045525e-03  0.006939  0.006969  0.007000  0.007107  0.007183  0.007229 0.000107 0.000061          0          0            0.0            0.000000             0.0              0.000000               0.0            2.131069e-07              False               False                      False
      D  6.886953e-03 7.416106e-05  0.006268 0.008586      0.002318  6.877775e-03  0.006756  0.006786  0.006817  0.006939  0.007015  0.007061 0.000122 0.000061          0          0            0.0            0.000000             0.0              0.000000               0.0            4.262139e-07              False               False                      False
     MK  8.000000e-06 1.050321e-19  0.000008 0.000008      0.000000  8.000000e-06  0.000008  0.000008  0.000008  0.000008  0.000008  0.000008 0.000000 0.000000          0          0            0.0         9164.998047             1.0           9164.998047               0.0            0.000000e+00              False               False                      False

# CHANNEL_FLAGS
[
  {
    "channel": "SPO2",
    "flags": [
      "low_variance",
      "high_flatline_ratio"
    ]
  },
  {
    "channel": "HR",
    "flags": [
      "low_variance",
      "high_flatline_ratio"
    ]
  },
  {
    "channel": "2",
    "flags": [
      "high_variance"
    ]
  },
  {
    "channel": "PLET",
    "flags": [
      "low_variance",
      "high_flatline_ratio"
    ]
  },
  {
    "channel": "33",
    "flags": [
      "high_variance"
    ]
  },
  {
    "channel": "A",
    "flags": [
      "high_variance",
      "extreme_p2p"
    ]
  },
  {
    "channel": "MK",
    "flags": [
      "high_flatline_ratio"
    ]
  }
]

# PSD_FEATURES
channel  total_power  delta_power  delta_ratio  theta_power  theta_ratio  alpha_power  alpha_ratio   beta_power   beta_ratio  gamma_power  gamma_ratio  low_freq_drift_ratio  high_freq_noise_ratio  line_50hz_ratio  line_60hz_ratio
EEG Fp1 1.291159e-09 5.762900e-10 4.463354e-01 7.617542e-11 5.899771e-02 8.490476e-12 6.575857e-03 1.622531e-11 1.256647e-02 7.036317e-12 5.449613e-03              0.357723           2.139079e-02     6.317121e-04     5.997280e-04
 EEG F3 1.509964e-09 2.718709e-10 1.800513e-01 7.757887e-12 5.137797e-03 1.945625e-12 1.288524e-03 8.674926e-12 5.745123e-03 2.126609e-12 1.408384e-03              0.552872           5.860722e-03     3.927951e-04     1.507893e-04
 EEG C3 5.270721e-10 3.050922e-11 5.788434e-02 7.092798e-12 1.345698e-02 5.654509e-12 1.072815e-02 3.435306e-11 6.517715e-02 3.215301e-11 6.100306e-02              0.083549           3.710851e-01     1.149578e-02     1.057358e-02
 EEG P3 2.378565e-10 5.742817e-11 2.414404e-01 1.361417e-11 5.723691e-02 7.660115e-12 3.220477e-02 2.218858e-11 9.328554e-02 4.590493e-12 1.929942e-02              0.298230           7.470309e-02     4.063506e-03     1.791534e-03
 EEG O1 2.907035e-10 9.581483e-11 3.295964e-01 2.452937e-11 8.437934e-02 1.367836e-11 4.705261e-02 3.211606e-11 1.104770e-01 7.985229e-12 2.746863e-02              0.223554           8.939214e-02     3.745176e-03     2.430763e-03
 EEG F7 8.682764e-10 1.703926e-10 1.962424e-01 1.422807e-11 1.638657e-02 5.808537e-12 6.689733e-03 3.721194e-11 4.285725e-02 2.404238e-11 2.768978e-02              0.287481           1.799624e-01     5.404755e-03     5.345297e-03
 EEG T5 3.711823e-10 9.346154e-11 2.517941e-01 3.287135e-11 8.855849e-02 1.945248e-11 5.240679e-02 4.329655e-11 1.166450e-01 1.071800e-11 2.887530e-02              0.227891           1.003776e-01     3.687612e-03     2.537627e-03
EEG Fc1 1.491378e-10 1.832170e-11 1.228508e-01 1.206286e-12 8.088399e-03 7.480283e-13 5.015687e-03 3.721278e-12 2.495195e-02 1.486064e-12 9.964374e-03              0.469990           5.611135e-02     4.270854e-03     1.479547e-03
EEG Fc5 8.832128e-10 6.213082e-11 7.034638e-02 9.253417e-12 1.047700e-02 6.197553e-12 7.017055e-03 5.395271e-11 6.108688e-02 5.273019e-11 5.970270e-02              0.089764           3.629564e-01     9.780493e-03     1.030957e-02
EEG Cp1 2.539093e-10 4.692528e-11 1.848112e-01 6.386727e-12 2.515357e-02 3.510155e-12 1.382444e-02 1.274373e-11 5.019009e-02 2.689523e-12 1.059246e-02              0.425170           4.320028e-02     2.953382e-03     1.040058e-03
EEG Cp5 3.364107e-10 5.882414e-11 1.748581e-01 1.688074e-11 5.017896e-02 1.008164e-11 2.996826e-02 2.963945e-11 8.810496e-02 1.132237e-11 3.365640e-02              0.212069           1.831900e-01     6.034342e-03     4.965306e-03
 EEG F9 5.611025e-10 1.535350e-10 2.736309e-01 2.520036e-11 4.491222e-02 1.054412e-11 1.879178e-02 3.036914e-11 5.412405e-02 9.841476e-12 1.753953e-02              0.319708           9.118326e-02     3.169901e-03     2.616655e-03
 EEG Fz 2.035108e-10 6.709873e-11 3.297060e-01 5.221965e-12 2.565940e-02 1.590589e-12 7.815746e-03 2.738544e-12 1.345650e-02 6.652539e-13 3.268887e-03              0.461106           9.987028e-03     5.115345e-04     2.584997e-04
 EEG Pz 1.548877e-10 5.207161e-11 3.361895e-01 9.693482e-12 6.258395e-02 5.070526e-12 3.273679e-02 1.568134e-11 1.012433e-01 2.494365e-12 1.610435e-02              0.309981           3.838628e-02     1.535391e-03     8.146571e-04
 EEG F4 1.970441e-09 3.172495e-10 1.610043e-01 5.572014e-12 2.827801e-03 2.463577e-12 1.250267e-03 1.423144e-11 7.222468e-03 3.712948e-12 1.884324e-03              0.553378           8.080978e-03     2.598336e-04     2.160307e-04
 EEG C4 4.253230e-10 4.636071e-11 1.090012e-01 1.039617e-11 2.444301e-02 7.472010e-12 1.756785e-02 2.770615e-11 6.514144e-02 1.747793e-11 4.109332e-02              0.190691           2.499141e-01     7.060679e-03     6.735189e-03
 EEG P4 2.211669e-10 6.233446e-11 2.818435e-01 1.432148e-11 6.475417e-02 8.510806e-12 3.848137e-02 2.301948e-11 1.040819e-01 5.083553e-12 2.298514e-02              0.243246           9.224411e-02     2.461318e-03     2.395613e-03
 EEG O2 2.654894e-10 9.216020e-11 3.471333e-01 2.028240e-11 7.639629e-02 1.037904e-11 3.909398e-02 2.800042e-11 1.054672e-01 7.382941e-12 2.780880e-02              0.226428           9.504014e-02     3.272389e-03     2.697279e-03
 EEG F8 6.527973e-10 1.162922e-10 1.781444e-01 1.475359e-11 2.260056e-02 6.576555e-12 1.007442e-02 3.268195e-11 5.006446e-02 1.717031e-11 2.630266e-02              0.276180           1.686316e-01     4.709659e-03     4.737819e-03
 EEG T4 8.572238e-10 1.238017e-10 1.444217e-01 2.227545e-11 2.598557e-02 1.201933e-11 1.402123e-02 6.126102e-11 7.146445e-02 4.303109e-11 5.019820e-02              0.227488           2.426359e-01     7.702246e-03     7.675243e-03
 EEG T6 4.877484e-10 1.071520e-10 2.196870e-01 2.602720e-11 5.336194e-02 1.471177e-11 3.016262e-02 4.281021e-11 8.777109e-02 1.958732e-11 4.015866e-02              0.250180           1.626585e-01     5.143605e-03     4.847345e-03
EEG Fc2 1.710617e-10 2.360687e-11 1.380020e-01 2.584484e-12 1.510849e-02 1.555243e-12 9.091707e-03 8.025483e-12 4.691571e-02 2.773681e-12 1.621450e-02              0.396675           9.065747e-02     3.476918e-03     2.378272e-03
EEG Fc6 6.511854e-10 7.917475e-11 1.215856e-01 1.188350e-11 1.824903e-02 6.683538e-12 1.026365e-02 3.860687e-11 5.928706e-02 2.527840e-11 3.881905e-02              0.233353           2.322209e-01     5.800415e-03     6.388414e-03
EEG Cp2 2.700398e-10 5.150839e-11 1.907437e-01 7.432908e-12 2.752524e-02 4.468311e-12 1.654686e-02 1.335083e-11 4.944023e-02 2.562705e-12 9.490101e-03              0.425170           3.733042e-02     1.648439e-03     9.440811e-04
EEG Cp6 4.827916e-10 7.120222e-11 1.474802e-01 1.767219e-11 3.660418e-02 9.916623e-12 2.054017e-02 3.191535e-11 6.610585e-02 1.564457e-11 3.240440e-02              0.201058           2.035805e-01     5.735481e-03     5.597631e-03
EEG F10 5.881749e-10 1.499751e-10 2.549839e-01 3.014997e-11 5.126021e-02 1.465411e-11 2.491454e-02 3.566292e-11 6.063319e-02 1.024386e-11 1.741635e-02              0.298412           8.916201e-02     2.781212e-03     2.328657e-03
   SPO2 0.000000e+00 0.000000e+00          NaN 0.000000e+00          NaN 0.000000e+00          NaN 0.000000e+00          NaN 0.000000e+00          NaN                   NaN                    NaN              NaN              NaN
     HR 0.000000e+00 0.000000e+00          NaN 0.000000e+00          NaN 0.000000e+00          NaN 0.000000e+00          NaN 0.000000e+00          NaN                   NaN                    NaN              NaN              NaN
      1 9.328156e-09 1.917108e-09 2.055185e-01 1.454667e-09 1.559437e-01 1.478271e-09 1.584740e-01 1.499227e-09 1.607206e-01 2.321947e-10 2.489182e-02              0.155268           7.268233e-02     2.999844e-03     3.117826e-03
      2 2.374380e-08 8.164020e-09 3.438380e-01 4.877577e-09 2.054253e-01 2.249172e-09 9.472671e-02 4.006577e-09 1.687420e-01 1.206356e-09 5.080720e-02              0.052443           8.078346e-02     2.271538e-03     1.272022e-03
EEG FP2 5.788593e-10 2.619614e-10 4.525476e-01 3.839608e-11 6.633060e-02 5.739533e-12 9.915248e-03 1.258787e-11 2.174599e-02 3.924103e-12 6.779028e-03              0.345193           2.785280e-02     1.074289e-03     7.567249e-04
 EEG P9 1.228913e-08 1.778018e-10 1.446822e-02 2.296210e-11 1.868489e-03 4.566448e-12 3.715844e-04 1.090106e-11 8.870496e-04 4.202189e-12 3.419437e-04              0.015732           8.736184e-01     8.722362e-01     3.715571e-05
EEG P10 1.335598e-08 1.753221e-10 1.312686e-02 2.288885e-11 1.713753e-03 4.479341e-12 3.353809e-04 1.079857e-11 8.085192e-04 4.110862e-12 3.077918e-04              0.014967           8.783196e-01     8.770840e-01     3.513058e-05
   PLET 0.000000e+00 0.000000e+00          NaN 0.000000e+00          NaN 0.000000e+00          NaN 0.000000e+00          NaN 0.000000e+00          NaN                   NaN                    NaN              NaN              NaN
     61 1.383314e-08 1.878930e-10 1.358281e-02 2.406795e-11 1.739876e-03 5.026151e-12 3.633412e-04 1.146188e-11 8.285811e-04 4.281598e-12 3.095174e-04              0.015289           8.797798e-01     8.785544e-01     3.366627e-05
     62 1.314633e-08 1.731937e-10 1.317430e-02 2.256645e-11 1.716559e-03 4.237851e-12 3.223600e-04 1.075765e-11 8.183004e-04 4.079416e-12 3.103083e-04              0.014961           8.763401e-01     8.750806e-01     3.648201e-05
     63 1.396239e-08 1.719706e-10 1.231670e-02 2.266799e-11 1.623504e-03 4.523965e-12 3.240108e-04 1.090305e-11 7.808867e-04 4.160458e-12 2.979760e-04              0.013721           8.833738e-01     8.821942e-01     3.363432e-05
     64 1.334064e-08 1.847313e-10 1.384726e-02 2.396030e-11 1.796039e-03 4.899204e-12 3.672392e-04 1.124295e-11 8.427597e-04 4.392520e-12 3.292586e-04              0.015247           8.725724e-01     8.712569e-01     3.678052e-05
 EEG T3 6.939544e-10 9.535079e-11 1.374021e-01 2.405652e-11 3.466586e-02 1.311321e-11 1.889635e-02 5.540510e-11 7.983969e-02 3.870379e-11 5.577281e-02              0.179238           2.801536e-01     9.525097e-03     8.606803e-03
 EEG CZ 1.750898e-10 3.293442e-11 1.881001e-01 3.036877e-12 1.734468e-02 1.122576e-12 6.411428e-03 5.086120e-12 2.904864e-02 6.981699e-13 3.987496e-03              0.491772           9.869439e-03     9.959614e-04     2.094926e-04
      3 1.367935e-08 1.765708e-10 1.290783e-02 2.314445e-11 1.691925e-03 4.531670e-12 3.312781e-04 1.092755e-11 7.988355e-04 4.074448e-12 2.978539e-04              0.014738           8.817616e-01     8.805708e-01     3.413120e-05
     23 1.278249e-08 1.771363e-10 1.385773e-02 2.323945e-11 1.818068e-03 4.527565e-12 3.542005e-04 1.100894e-11 8.612511e-04 4.263709e-12 3.335585e-04              0.015373           8.779332e-01     8.766242e-01     3.674585e-05
     33 1.756717e-08 1.852072e-10 1.054280e-02 2.373136e-11 1.350893e-03 4.960890e-12 2.823955e-04 1.126482e-11 6.412425e-04 4.322939e-12 2.460806e-04              0.011397           8.915473e-01     8.905816e-01     2.668561e-05
     31 1.278743e-08 1.749693e-10 1.368291e-02 2.314744e-11 1.810172e-03 4.520790e-12 3.535339e-04 1.078619e-11 8.434995e-04 4.130412e-12 3.230056e-04              0.015536           8.779473e-01     8.766855e-01     3.456372e-05
      A 5.095500e-08 1.621219e-08 3.181667e-01 1.093072e-08 2.145172e-01 6.566611e-09 1.288708e-01 9.510406e-09 1.866432e-01 1.407693e-09 2.762619e-02              0.046356           3.924452e-02     9.021056e-04     5.095556e-04
      B 6.012550e-11 6.763550e-12 1.124905e-01 3.341490e-12 5.557526e-02 2.999191e-12 4.988218e-02 6.709511e-12 1.115918e-01 4.154380e-12 6.909515e-02              0.058169           3.358774e-01     9.259143e-02     6.939978e-03
      C 6.019972e-11 6.667277e-12 1.107526e-01 3.728214e-12 6.193075e-02 3.299461e-12 5.480857e-02 7.371495e-12 1.224507e-01 4.394269e-12 7.299483e-02              0.052294           3.206788e-01     7.113978e-02     7.003918e-03
      D 8.277746e-11 8.078654e-12 9.759486e-02 3.287987e-12 3.972080e-02 3.068722e-12 3.707196e-02 6.801136e-12 8.216170e-02 4.069581e-12 4.916292e-02              0.052900           4.690177e-01     2.946121e-01     4.900198e-03
     MK 1.913240e-42 2.671292e-75 1.396214e-33 7.847660e-76 4.101765e-34 4.156647e-76 2.172570e-34 1.445299e-75 7.554200e-34 1.780236e-75 9.304826e-34              0.250000           6.366382e-33     1.307504e-34     6.006195e-35

# CORRELATION_SUMMARY
 sfreq  n_channels  mean_abs_corr  max_corr  min_corr  low_corr_flag
 512.0          49       0.239959  0.997199 -0.659035          False

# HIGH_CORRELATION_PAIRS
 sfreq    ch_a    ch_b     corr
 512.0  EEG O1  EEG T5 0.907021
 512.0 EEG Cp1  EEG CZ 0.915399
 512.0 EEG Cp2  EEG CZ 0.926434
 512.0  EEG P9 EEG P10 0.996708
 512.0  EEG P9      61 0.994979
 512.0  EEG P9      62 0.996872
 512.0  EEG P9      63 0.996313
 512.0  EEG P9      64 0.995322
 512.0  EEG P9       3 0.995858
 512.0  EEG P9      23 0.996078
 512.0  EEG P9      33 0.993426
 512.0  EEG P9      31 0.996362
 512.0 EEG P10      61 0.995478
 512.0 EEG P10      62 0.997199
 512.0 EEG P10      63 0.996886
 512.0 EEG P10      64 0.995504
 512.0 EEG P10       3 0.996320
 512.0 EEG P10      23 0.996462
 512.0 EEG P10      33 0.994220
 512.0 EEG P10      31 0.996754
 512.0      61      62 0.995375
 512.0      61      63 0.995639
 512.0      61      64 0.993157
 512.0      61       3 0.995577
 512.0      61      23 0.995328
 512.0      61      33 0.993640
 512.0      61      31 0.995162
 512.0      62      63 0.996786
 512.0      62      64 0.995807
 512.0      62       3 0.996371
 512.0      62      23 0.996738
 512.0      62      33 0.994101
 512.0      62      31 0.996927
 512.0      63      64 0.995031
 512.0      63       3 0.996493
 512.0      63      23 0.996261
 512.0      63      33 0.994984
 512.0      63      31 0.996427
 512.0      64       3 0.993670
 512.0      64      23 0.994848
 512.0      64      33 0.991141
 512.0      64      31 0.995049
 512.0       3      23 0.996010
 512.0       3      33 0.995597
 512.0       3      31 0.996145
 512.0      23      33 0.994016
 512.0      23      31 0.996073
 512.0      33      31 0.994138
 512.0       A       B 0.933590
 512.0       A       C 0.943628
 512.0       A       D 0.926687
 512.0       B       C 0.933616
 512.0       B       D 0.933546
 512.0       C       D 0.932083

# ANNOTATION_EVENTS
<empty>

# ANNOTATION_SUMMARY
<empty>

# SEIZURE_LIST_EVENTS
      file  start_sec  end_sec  duration_sec  in_range
PN14-2.edf     7479.0   7491.0          12.0      True

# ANNOTATION_SEIZURE_CONSISTENCY
{}

# PLOT_FILES
[
  "annotation_distribution.png",
  "channel_std_p2p.png",
  "corr_group.png",
  "flatline_saturation.png",
  "psd_overview.png",
  "raw_preview_page_01.png",
  "raw_preview_page_02.png",
  "raw_preview_page_03.png",
  "seizure_timeline.png"
]
