# FILE_METADATA
{
  "edf": "E:\\BaiduSyncdisk\\nuro_work\\data\\raw\\siena\\PN14\\PN14-3.edf",
  "size_bytes": 2107153920,
  "readable": true,
  "duration_sec": 41995.0,
  "n_channels": 49,
  "multi_sampling_rate": false,
  "line_freq": null,
  "recording_type": "EDF",
  "start_time_pyedflib": "2017-01-01T19:17:45",
  "start_time_mne": "2017-01-01 19:17:45+00:00"
}

# QC_THRESHOLDS
{
  "flatline_eps": 1e-12,
  "flatline_min_run_sec": 1.0,
  "saturation_pct": 0.995,
  "robust_z_thresh": 8.0,
  "robust_z_bad_ratio": 0.05,
  "low_variance_quantile": 0.05,
  "high_variance_quantile": 0.95,
  "extreme_p2p_quantile": 0.98,
  "high_corr_threshold": 0.9,
  "low_mean_abs_corr_threshold": 0.2
}

# FILE_FLAGS
[]

# CHANNEL_METADATA
channel channel_type unit_raw unit_norm  sfreq  phys_min   phys_max  dig_min  dig_max  empty_name  duplicated_name  phys_range_invalid  dig_range_invalid
EEG Fp1      unknown       uV        uV  512.0   -4096.0   4095.875 -32768.0  32767.0       False            False               False              False
 EEG F3      unknown       uV        uV  512.0   -4096.0   4095.875 -32768.0  32767.0       False            False               False              False
 EEG C3      unknown       uV        uV  512.0   -4096.0   4095.875 -32768.0  32767.0       False            False               False              False
 EEG P3      unknown       uV        uV  512.0   -4096.0   4095.875 -32768.0  32767.0       False            False               False              False
 EEG O1      unknown       uV        uV  512.0   -4096.0   4095.875 -32768.0  32767.0       False            False               False              False
 EEG F7      unknown       uV        uV  512.0   -4096.0   4095.875 -32768.0  32767.0       False            False               False              False
 EEG T5      unknown       uV        uV  512.0   -4096.0   4095.875 -32768.0  32767.0       False            False               False              False
EEG Fc1      unknown       uV        uV  512.0   -4096.0   4095.875 -32768.0  32767.0       False            False               False              False
EEG Fc5      unknown       uV        uV  512.0   -4096.0   4095.875 -32768.0  32767.0       False            False               False              False
EEG Cp1      unknown       uV        uV  512.0   -4096.0   4095.875 -32768.0  32767.0       False            False               False              False
EEG Cp5      unknown       uV        uV  512.0   -4096.0   4095.875 -32768.0  32767.0       False            False               False              False
 EEG F9      unknown       uV        uV  512.0   -4096.0   4095.875 -32768.0  32767.0       False            False               False              False
 EEG Fz      unknown       uV        uV  512.0   -4096.0   4095.875 -32768.0  32767.0       False            False               False              False
 EEG Pz      unknown       uV        uV  512.0   -4096.0   4095.875 -32768.0  32767.0       False            False               False              False
 EEG F4      unknown       uV        uV  512.0   -4096.0   4095.875 -32768.0  32767.0       False            False               False              False
 EEG C4      unknown       uV        uV  512.0   -4096.0   4095.875 -32768.0  32767.0       False            False               False              False
 EEG P4      unknown       uV        uV  512.0   -4096.0   4095.875 -32768.0  32767.0       False            False               False              False
 EEG O2      unknown       uV        uV  512.0   -4096.0   4095.875 -32768.0  32767.0       False            False               False              False
 EEG F8      unknown       uV        uV  512.0   -4096.0   4095.875 -32768.0  32767.0       False            False               False              False
 EEG T4      unknown       uV        uV  512.0   -4096.0   4095.875 -32768.0  32767.0       False            False               False              False
 EEG T6      unknown       uV        uV  512.0   -4096.0   4095.875 -32768.0  32767.0       False            False               False              False
EEG Fc2      unknown       uV        uV  512.0   -4096.0   4095.875 -32768.0  32767.0       False            False               False              False
EEG Fc6      unknown       uV        uV  512.0   -4096.0   4095.875 -32768.0  32767.0       False            False               False              False
EEG Cp2      unknown       uV        uV  512.0   -4096.0   4095.875 -32768.0  32767.0       False            False               False              False
EEG Cp6      unknown       uV        uV  512.0   -4096.0   4095.875 -32768.0  32767.0       False            False               False              False
EEG F10      unknown       uV        uV  512.0   -4096.0   4095.875 -32768.0  32767.0       False            False               False              False
   SPO2         spo2        %         %  512.0  -32768.0  32767.000 -32768.0  32767.0       False            False               False              False
     HR      unknown      bpm       bpm  512.0  -32768.0  32767.000 -32768.0  32767.0       False            False               False              False
      1      unknown       uV        uV  512.0   -4096.0   4095.875 -32768.0  32767.0       False            False               False              False
      2      unknown       uV        uV  512.0   -4096.0   4095.875 -32768.0  32767.0       False            False               False              False
EEG FP2      unknown       uV        uV  512.0   -4096.0   4095.875 -32768.0  32767.0       False            False               False              False
 EEG P9      unknown       uV        uV  512.0   -4096.0   4095.875 -32768.0  32767.0       False            False               False              False
EEG P10      unknown       uV        uV  512.0   -4096.0   4095.875 -32768.0  32767.0       False            False               False              False
   PLET          eeg       au        au  512.0  -32768.0  32767.000 -32768.0  32767.0       False            False               False              False
     61      unknown       uV        uV  512.0   -4096.0   4095.875 -32768.0  32767.0       False            False               False              False
     62      unknown       uV        uV  512.0   -4096.0   4095.875 -32768.0  32767.0       False            False               False              False
     63      unknown       uV        uV  512.0   -4096.0   4095.875 -32768.0  32767.0       False            False               False              False
     64      unknown       uV        uV  512.0   -4096.0   4095.875 -32768.0  32767.0       False            False               False              False
 EEG T3      unknown       uV        uV  512.0   -4096.0   4095.875 -32768.0  32767.0       False            False               False              False
 EEG CZ      unknown       uV        uV  512.0   -4096.0   4095.875 -32768.0  32767.0       False            False               False              False
      3      unknown       uV        uV  512.0   -4096.0   4095.875 -32768.0  32767.0       False            False               False              False
     23      unknown       uV        uV  512.0   -4096.0   4095.875 -32768.0  32767.0       False            False               False              False
     33      unknown       uV        uV  512.0   -4096.0   4095.875 -32768.0  32767.0       False            False               False              False
     31      unknown       uV        uV  512.0   -4096.0   4095.875 -32768.0  32767.0       False            False               False              False
      A      unknown       uV        uV  512.0 -499712.0 499696.800 -32768.0  32767.0       False            False               False              False
      B      unknown       uV        uV  512.0 -499712.0 499696.800 -32768.0  32767.0       False            False               False              False
      C          eeg       uV        uV  512.0 -499712.0 499696.800 -32768.0  32767.0       False            False               False              False
      D      unknown       uV        uV  512.0 -499712.0 499696.800 -32768.0  32767.0       False            False               False              False
     MK      unknown       uV        uV  512.0  -32768.0  32767.000 -32768.0  32767.0       False            False               False              False

# CHANNEL_QC_STATS
channel          mean          std       min      max  peak_to_peak        median       q01       q05       q25      q75      q95      q99      iqr      mad  nan_count  inf_count  nan_inf_ratio  flatline_total_sec  flatline_ratio  flatline_longest_sec  saturation_ratio  robust_z_outlier_ratio  low_variance_flag  high_variance_flag  extreme_peak_to_peak_flag
EEG Fp1  1.568164e-08 3.531047e-05 -0.001586 0.002720      0.004306  0.000000e+00 -0.000093 -0.000041 -0.000013 0.000012 0.000040 0.000107 0.000025 0.000012          0          0            0.0            0.000000        0.000000              0.000000               0.0            8.363161e-03              False               False                      False
 EEG F3  1.078624e-06 5.311272e-05 -0.001489 0.002651      0.004140 -1.000000e-06 -0.000115 -0.000065 -0.000014 0.000010 0.000084 0.000191 0.000024 0.000012          0          0            0.0            0.000000        0.000000              0.000000               0.0            2.690727e-02              False               False                      False
 EEG C3 -3.780514e-07 2.492356e-05 -0.001453 0.002677      0.004130 -3.750000e-07 -0.000053 -0.000028 -0.000009 0.000009 0.000028 0.000060 0.000018 0.000009          0          0            0.0            0.000000        0.000000              0.000000               0.0            4.769448e-03              False               False                      False
 EEG P3  1.048503e-06 2.369072e-05 -0.001128 0.002738      0.003866  1.125000e-06 -0.000053 -0.000027 -0.000009 0.000011 0.000030 0.000056 0.000020 0.000010          0          0            0.0            0.000000        0.000000              0.000000               0.0            3.160719e-03              False               False                      False
 EEG O1  2.488798e-07 3.021502e-05 -0.001752 0.002869      0.004621  2.500000e-07 -0.000066 -0.000034 -0.000012 0.000012 0.000036 0.000071 0.000024 0.000012          0          0            0.0            0.000000        0.000000              0.000000               0.0            3.428654e-03              False               False                      False
 EEG F7  1.889509e-06 3.073459e-05 -0.001835 0.002735      0.004570  2.375000e-06 -0.000067 -0.000033 -0.000010 0.000014 0.000036 0.000070 0.000024 0.000012          0          0            0.0            0.000000        0.000000              0.000000               0.0            3.700729e-03              False               False                      False
 EEG T5  1.339474e-06 4.523511e-05 -0.001803 0.004084      0.005887  1.625000e-06 -0.000074 -0.000035 -0.000011 0.000014 0.000038 0.000071 0.000025 0.000013          0          0            0.0            1.216797        0.000029              1.216797               0.0            3.934527e-03              False               False                      False
EEG Fc1 -9.398768e-07 1.620846e-05 -0.000913 0.002710      0.003623 -3.750000e-07 -0.000046 -0.000022 -0.000007 0.000006 0.000018 0.000034 0.000013 0.000007          0          0            0.0            0.000000        0.000000              0.000000               0.0            4.457097e-03              False               False                      False
EEG Fc5 -2.603101e-07 2.850748e-05 -0.001852 0.002670      0.004522 -2.500000e-07 -0.000058 -0.000031 -0.000011 0.000010 0.000031 0.000063 0.000021 0.000011          0          0            0.0            0.000000        0.000000              0.000000               0.0            3.664034e-03              False               False                      False
EEG Cp1 -2.055587e-06 1.939778e-05 -0.000902 0.003494      0.004396 -1.625000e-06 -0.000055 -0.000028 -0.000010 0.000007 0.000023 0.000045 0.000017 0.000009          0          0            0.0            0.000000        0.000000              0.000000               0.0            3.211831e-03              False               False                      False
EEG Cp5  8.569105e-07 2.870152e-05 -0.001885 0.002686      0.004572  1.000000e-06 -0.000058 -0.000030 -0.000009 0.000012 0.000032 0.000061 0.000021 0.000010          0          0            0.0            0.000000        0.000000              0.000000               0.0            3.745563e-03              False               False                      False
 EEG F9 -8.184885e-07 4.886105e-05 -0.001485 0.002847      0.004332 -1.375000e-06 -0.000104 -0.000050 -0.000018 0.000015 0.000050 0.000110 0.000033 0.000016          0          0            0.0            0.000000        0.000000              0.000000               0.0            5.046871e-03              False               False                      False
 EEG Fz -2.540746e-06 1.953137e-05 -0.001012 0.001574      0.002586 -1.875000e-06 -0.000046 -0.000024 -0.000009 0.000005 0.000017 0.000036 0.000014 0.000007          0          0            0.0            0.000000        0.000000              0.000000               0.0            4.699453e-03              False               False                      False
 EEG Pz  1.515376e-06 2.511354e-05 -0.002269 0.002640      0.004909  1.625000e-06 -0.000051 -0.000025 -0.000007 0.000011 0.000028 0.000055 0.000018 0.000009          0          0            0.0            0.000000        0.000000              0.000000               0.0            4.272179e-03              False               False                      False
 EEG F4 -3.800927e-07 3.594854e-05 -0.001931 0.002443      0.004374 -1.500000e-06 -0.000063 -0.000034 -0.000012 0.000009 0.000038 0.000094 0.000021 0.000011          0          0            0.0            0.000000        0.000000              0.000000               0.0            7.434386e-03              False               False                      False
 EEG C4  2.932325e-06 2.761107e-05 -0.001003 0.002648      0.003650  2.750000e-06 -0.000065 -0.000032 -0.000008 0.000014 0.000040 0.000081 0.000022 0.000011          0          0            0.0            0.000000        0.000000              0.000000               0.0            4.214508e-03              False               False                      False
 EEG P4  1.952353e-06 2.929860e-05 -0.001066 0.002586      0.003653  2.625000e-06 -0.000067 -0.000030 -0.000008 0.000014 0.000033 0.000063 0.000022 0.000011          0          0            0.0            0.000000        0.000000              0.000000               0.0            5.116215e-03              False               False                      False
 EEG O2 -5.586783e-07 3.193613e-05 -0.002005 0.002142      0.004147 -5.000000e-07 -0.000067 -0.000035 -0.000013 0.000012 0.000035 0.000072 0.000025 0.000012          0          0            0.0            0.000000        0.000000              0.000000               0.0            3.543949e-03              False               False                      False
 EEG F8  2.093933e-06 3.132444e-05 -0.001947 0.002626      0.004573  2.375000e-06 -0.000068 -0.000032 -0.000009 0.000014 0.000036 0.000073 0.000023 0.000011          0          0            0.0            0.000000        0.000000              0.000000               0.0            4.991154e-03              False               False                      False
 EEG T4  2.518728e-06 3.099854e-05 -0.001962 0.002669      0.004631  2.625000e-06 -0.000063 -0.000029 -0.000009 0.000014 0.000035 0.000072 0.000022 0.000011          0          0            0.0            0.000000        0.000000              0.000000               0.0            4.788656e-03              False               False                      False
 EEG T6 -2.539489e-07 3.327713e-05 -0.002351 0.002695      0.005046  1.250000e-07 -0.000069 -0.000035 -0.000012 0.000012 0.000035 0.000071 0.000024 0.000012          0          0            0.0            0.000000        0.000000              0.000000               0.0            4.167349e-03              False               False                      False
EEG Fc2 -8.528038e-07 2.338979e-05 -0.001728 0.002617      0.004345 -6.250000e-07 -0.000044 -0.000021 -0.000007 0.000006 0.000020 0.000041 0.000013 0.000007          0          0            0.0            0.000000        0.000000              0.000000               0.0            5.571022e-03              False               False                      False
EEG Fc6  2.709565e-06 3.056187e-05 -0.001788 0.002721      0.004509  2.500000e-06 -0.000060 -0.000028 -0.000008 0.000013 0.000035 0.000075 0.000021 0.000010          0          0            0.0            0.000000        0.000000              0.000000               0.0            6.126008e-03              False               False                      False
EEG Cp2  2.456484e-07 2.114879e-05 -0.000999 0.002644      0.003643  5.000000e-07 -0.000052 -0.000026 -0.000008 0.000009 0.000026 0.000050 0.000017 0.000009          0          0            0.0            0.000000        0.000000              0.000000               0.0            4.744612e-03              False               False                      False
EEG Cp6 -1.782317e-07 3.617073e-05 -0.001765 0.002589      0.004354  0.000000e+00 -0.000069 -0.000032 -0.000011 0.000011 0.000031 0.000064 0.000021 0.000011          0          0            0.0            0.000000        0.000000              0.000000               0.0            5.850724e-03              False               False                      False
EEG F10 -1.965671e-06 5.833316e-05 -0.001557 0.004081      0.005638 -3.875000e-06 -0.000107 -0.000051 -0.000020 0.000013 0.000050 0.000126 0.000032 0.000016          0          0            0.0            0.000000        0.000000              0.000000               0.0            7.447780e-03              False               False                      False
   SPO2  0.000000e+00 0.000000e+00  0.000000 0.000000      0.000000  0.000000e+00  0.000000  0.000000  0.000000 0.000000 0.000000 0.000000 0.000000 0.000000          0          0            0.0        41994.998047        1.000000          41994.998047               0.0            0.000000e+00               True               False                      False
     HR  0.000000e+00 0.000000e+00  0.000000 0.000000      0.000000  0.000000e+00  0.000000  0.000000  0.000000 0.000000 0.000000 0.000000 0.000000 0.000000          0          0            0.0        41994.998047        1.000000          41994.998047               0.0            0.000000e+00               True               False                      False
      1  5.869221e-07 2.319682e-04 -0.004096 0.004096      0.008192  1.075000e-05 -0.000573 -0.000249 -0.000024 0.000037 0.000131 0.000529 0.000061 0.000029          0          0            0.0            2.982422        0.000071              1.917969               0.0            4.793628e-02              False               False                      False
      2  1.461479e-05 7.051620e-04 -0.004096 0.004096      0.008192 -4.250000e-06 -0.002044 -0.000853 -0.000196 0.000201 0.000905 0.002770 0.000397 0.000198          0          0            0.0           79.548828        0.001894              5.226562               0.0            2.074508e-02              False                True                      False
EEG FP2  1.874205e-07 3.965945e-05 -0.001582 0.002738      0.004320  2.500000e-07 -0.000090 -0.000040 -0.000014 0.000014 0.000041 0.000096 0.000028 0.000014          0          0            0.0            0.000000        0.000000              0.000000               0.0            6.042200e-03              False               False                      False
 EEG P9  1.194332e-07 2.155996e-04 -0.004096 0.004095      0.008191 -1.125000e-06 -0.000477 -0.000313 -0.000141 0.000140 0.000313 0.000484 0.000281 0.000140          0          0            0.0            0.000000        0.000000              0.000000               0.0            5.358711e-04              False               False                      False
EEG P10 -2.689794e-06 2.217890e-04 -0.004096 0.004095      0.008191 -4.125000e-06 -0.000493 -0.000324 -0.000149 0.000142 0.000320 0.000495 0.000291 0.000145          0          0            0.0            0.000000        0.000000              0.000000               0.0            5.233138e-04              False               False                      False
   PLET  0.000000e+00 0.000000e+00  0.000000 0.000000      0.000000  0.000000e+00  0.000000  0.000000  0.000000 0.000000 0.000000 0.000000 0.000000 0.000000          0          0            0.0        41994.998047        1.000000          41994.998047               0.0            0.000000e+00               True               False                      False
     61 -3.896390e-07 2.211561e-04 -0.004096 0.004096      0.008192 -1.625000e-06 -0.000492 -0.000319 -0.000145 0.000144 0.000319 0.000498 0.000289 0.000145          0          0            0.0            0.000000        0.000000              0.000000               0.0            5.337317e-04              False               False                      False
     62 -6.635854e-07 2.178281e-04 -0.004096 0.004096      0.008192 -2.000000e-06 -0.000486 -0.000314 -0.000143 0.000141 0.000313 0.000492 0.000284 0.000142          0          0            0.0            0.000000        0.000000              0.000000               0.0            5.420102e-04              False               False                      False
     63  2.212081e-07 2.228941e-04 -0.004096 0.004096      0.008192 -1.000000e-06 -0.000497 -0.000321 -0.000146 0.000146 0.000321 0.000504 0.000292 0.000146          0          0            0.0            0.000000        0.000000              0.000000               0.0            5.288948e-04              False               False                      False
     64  1.877826e-06 2.193969e-04 -0.004096 0.004096      0.008192  6.250000e-07 -0.000488 -0.000314 -0.000141 0.000144 0.000318 0.000499 0.000285 0.000142          0          0            0.0            0.000000        0.000000              0.000000               0.0            5.450333e-04              False               False                      False
 EEG T3 -1.018508e-06 3.624150e-05 -0.002364 0.002703      0.005066 -7.500000e-07 -0.000077 -0.000040 -0.000014 0.000013 0.000039 0.000079 0.000027 0.000013          0          0            0.0            0.000000        0.000000              0.000000               0.0            4.738752e-03              False               False                      False
 EEG CZ -1.003445e-06 2.142610e-05 -0.001182 0.001726      0.002908 -6.250000e-07 -0.000049 -0.000023 -0.000008 0.000006 0.000021 0.000040 0.000014 0.000007          0          0            0.0            0.000000        0.000000              0.000000               0.0            5.443542e-03              False               False                      False
      3 -1.773924e-06 2.245631e-04 -0.004096 0.004095      0.008191 -3.000000e-06 -0.000504 -0.000330 -0.000149 0.000144 0.000327 0.000507 0.000293 0.000147          0          0            0.0            0.000000        0.000000              0.000000               0.0            5.354990e-04              False               False                      False
     23 -1.112706e-06 2.188642e-04 -0.004096 0.004095      0.008191 -2.375000e-06 -0.000485 -0.000319 -0.000145 0.000142 0.000317 0.000490 0.000286 0.000143          0          0            0.0            0.000000        0.000000              0.000000               0.0            5.268949e-04              False               False                      False
     33  7.937501e-07 2.331745e-04 -0.004096 0.004095      0.008191 -5.000000e-07 -0.000534 -0.000343 -0.000151 0.000152 0.000345 0.000543 0.000303 0.000151          0          0            0.0            0.000000        0.000000              0.000000               0.0            5.420102e-04              False                True                      False
     31 -1.089974e-06 2.189089e-04 -0.004096 0.004094      0.008190 -2.500000e-06 -0.000486 -0.000319 -0.000145 0.000142 0.000317 0.000490 0.000286 0.000143          0          0            0.0            0.000000        0.000000              0.000000               0.0            5.290808e-04              False               False                      False
      A  3.662090e-02 3.979314e-02 -0.145531 0.160156      0.305686  3.801828e-02 -0.045765 -0.030302  0.004392 0.076891 0.084805 0.086483 0.072499 0.037866          0          0            0.0            0.000000        0.000000              0.000000               0.0            0.000000e+00              False                True                       True
      B  5.615126e-03 1.216596e-04  0.001845 0.028228      0.026383  5.627275e-03  0.005292  0.005429  0.005521 0.005704 0.005795 0.005810 0.000183 0.000092          0          0            0.0            0.000000        0.000000              0.000000               0.0            2.790511e-07              False               False                      False
      C  8.647299e-03 1.220907e-04  0.004895 0.031095      0.026200  8.662025e-03  0.008327  0.008449  0.008540 0.008738 0.008830 0.008845 0.000198 0.000092          0          0            0.0            0.000000        0.000000              0.000000               0.0            2.790511e-07              False               False                      False
      D  8.491332e-03 1.222482e-04  0.004728 0.030942      0.026215  8.509525e-03  0.008174  0.008296  0.008388 0.008586 0.008662 0.008693 0.000198 0.000092          0          0            0.0            0.000000        0.000000              0.000000               0.0            2.790511e-07              False               False                      False
     MK  8.000336e-06 1.037452e-07  0.000008 0.000040      0.000032  8.000000e-06  0.000008  0.000008  0.000008 0.000008 0.000008 0.000008 0.000000 0.000000          0          0            0.0        41994.554688        0.999989          31690.748047               0.0            0.000000e+00              False               False                      False

# CHANNEL_FLAGS
[
  {
    "channel": "SPO2",
    "flags": [
      "low_variance",
      "high_flatline_ratio"
    ]
  },
  {
    "channel": "HR",
    "flags": [
      "low_variance",
      "high_flatline_ratio"
    ]
  },
  {
    "channel": "2",
    "flags": [
      "high_variance"
    ]
  },
  {
    "channel": "PLET",
    "flags": [
      "low_variance",
      "high_flatline_ratio"
    ]
  },
  {
    "channel": "33",
    "flags": [
      "high_variance"
    ]
  },
  {
    "channel": "A",
    "flags": [
      "high_variance",
      "extreme_p2p"
    ]
  },
  {
    "channel": "MK",
    "flags": [
      "high_flatline_ratio"
    ]
  }
]

# PSD_FEATURES
channel  total_power  delta_power  delta_ratio  theta_power  theta_ratio  alpha_power  alpha_ratio   beta_power   beta_ratio  gamma_power  gamma_ratio  low_freq_drift_ratio  high_freq_noise_ratio  line_50hz_ratio  line_60hz_ratio
EEG Fp1 7.071672e-10 2.729426e-10 3.859661e-01 1.847030e-11 2.611872e-02 5.369196e-12 7.592541e-03 1.455344e-11 2.057991e-02 2.134017e-12 3.017697e-03              0.503870           9.069135e-03     9.859150e-04     1.957491e-04
 EEG F3 2.381330e-09 3.916377e-10 1.644618e-01 6.541228e-12 2.746880e-03 2.786766e-12 1.170256e-03 9.301791e-12 3.906133e-03 1.110256e-12 4.662335e-04              0.575971           1.586600e-03     6.234526e-04     2.053489e-05
 EEG C3 2.772991e-10 3.785158e-11 1.365009e-01 1.311921e-11 4.731066e-02 9.185444e-12 3.312468e-02 2.106447e-11 7.596297e-02 8.441574e-12 3.044212e-02              0.236644           1.967073e-01     2.119178e-02     4.815181e-03
 EEG P3 2.763669e-10 5.594721e-11 2.024381e-01 2.684059e-11 9.711940e-02 2.381817e-11 8.618315e-02 2.706965e-11 9.794823e-02 3.233498e-12 1.170002e-02              0.326329           5.567002e-02     2.565739e-02     6.567573e-04
 EEG O1 4.502519e-10 1.137471e-10 2.526299e-01 4.496991e-11 9.987723e-02 4.374951e-11 9.716673e-02 3.927478e-11 8.722845e-02 4.725881e-12 1.049608e-02              0.348448           2.816752e-02     6.745015e-03     4.600362e-04
 EEG F7 3.888469e-10 9.409815e-11 2.419928e-01 2.248066e-11 5.781364e-02 9.810306e-12 2.522922e-02 2.547165e-11 6.550560e-02 5.629921e-12 1.447850e-02              0.336942           7.182777e-02     1.088721e-02     1.677313e-03
 EEG T5 4.514774e-10 1.030735e-10 2.283026e-01 5.382692e-11 1.192239e-01 4.594518e-11 1.017663e-01 4.556556e-11 1.009254e-01 6.529606e-12 1.446275e-02              0.305408           4.582240e-02     3.284802e-03     8.176824e-04
EEG Fc1 1.625932e-10 2.311897e-11 1.421890e-01 2.065259e-12 1.270200e-02 1.126176e-12 6.926344e-03 3.565201e-12 2.192712e-02 6.158761e-13 3.787834e-03              0.511379           2.641097e-02     1.356159e-02     3.170089e-04
EEG Fc5 3.827509e-10 6.631746e-11 1.732653e-01 1.885766e-11 4.926875e-02 9.646919e-12 2.520417e-02 2.800603e-11 7.317037e-02 1.154443e-11 3.016173e-02              0.224993           2.010589e-01     1.481485e-02     5.205986e-03
EEG Cp1 2.791953e-10 5.211892e-11 1.866755e-01 1.103250e-11 3.951535e-02 7.978860e-12 2.857806e-02 1.445373e-11 5.176924e-02 1.716520e-12 6.148098e-03              0.444140           5.564278e-02     3.992778e-02     3.360184e-04
EEG Cp5 3.860719e-10 6.596599e-11 1.708645e-01 3.065028e-11 7.939008e-02 2.215004e-11 5.737283e-02 2.994118e-11 7.755337e-02 7.143619e-12 1.850334e-02              0.302591           1.020776e-01     1.438250e-02     2.448368e-03
 EEG F9 7.097344e-10 1.964858e-10 2.768441e-01 3.567026e-11 5.025860e-02 1.675722e-11 2.361055e-02 3.026439e-11 4.264185e-02 4.341373e-12 6.116898e-03              0.434178           2.303642e-02     2.814458e-03     4.859365e-04
 EEG Fz 1.700095e-10 3.009625e-11 1.770269e-01 1.637276e-12 9.630500e-03 6.956237e-13 4.091676e-03 2.268377e-12 1.334265e-02 3.260412e-13 1.917782e-03              0.544021           7.364876e-03     3.087545e-03     9.448047e-05
 EEG Pz 2.460085e-10 4.854256e-11 1.973206e-01 1.743068e-11 7.085396e-02 1.431004e-11 5.816889e-02 2.004715e-11 8.148964e-02 1.972318e-12 8.017274e-03              0.402166           3.009829e-02     1.757799e-02     1.773549e-04
 EEG F4 5.138321e-10 1.087666e-10 2.116773e-01 9.089631e-12 1.768989e-02 3.555264e-12 6.919117e-03 1.474480e-11 2.869576e-02 2.115407e-12 4.116923e-03              0.529975           1.057454e-02     1.290232e-03     2.164676e-04
 EEG C4 4.535566e-10 7.873882e-11 1.736031e-01 1.417827e-11 3.126021e-02 8.014789e-12 1.767098e-02 1.787604e-11 3.941303e-02 1.992107e-12 4.392191e-03              0.501417           1.302909e-02     2.354127e-03     2.093083e-04
 EEG P4 2.165523e-10 5.123987e-11 2.366165e-01 2.540959e-11 1.173370e-01 2.060705e-11 9.515970e-02 2.780080e-11 1.283791e-01 2.815124e-12 1.299974e-02              0.309734           3.339714e-02     8.135486e-03     4.711121e-04
 EEG O2 3.314731e-10 7.854633e-11 2.369614e-01 4.009686e-11 1.209656e-01 3.682370e-11 1.110911e-01 3.527544e-11 1.064202e-01 5.031358e-12 1.517878e-02              0.303580           4.100470e-02     5.698829e-03     8.706906e-04
 EEG F8 3.954939e-10 9.512684e-11 2.405267e-01 2.472820e-11 6.252487e-02 1.029778e-11 2.603777e-02 2.726546e-11 6.894028e-02 3.416853e-12 8.639458e-03              0.417923           3.078153e-02     8.670698e-03     5.524697e-04
 EEG T4 3.189506e-10 6.985942e-11 2.190290e-01 3.392142e-11 1.063532e-01 1.782303e-11 5.588022e-02 3.153671e-11 9.887647e-02 5.392519e-12 1.690707e-02              0.327493           5.744787e-02     1.080608e-02     1.308852e-03
 EEG T6 4.636390e-10 8.511028e-11 1.835701e-01 4.613860e-11 9.951405e-02 3.386752e-11 7.304718e-02 3.803175e-11 8.202879e-02 7.567315e-12 1.632157e-02              0.323740           6.330838e-02     1.025771e-02     1.216304e-03
EEG Fc2 1.253993e-10 1.669850e-11 1.331626e-01 3.521939e-12 2.808580e-02 1.672104e-12 1.333424e-02 6.935007e-12 5.530341e-02 8.255133e-13 6.583079e-03              0.465960           2.964934e-02     1.662288e-02     2.334456e-04
EEG Fc6 3.869513e-10 7.603718e-11 1.965032e-01 1.843616e-11 4.764466e-02 8.034829e-12 2.076444e-02 2.302677e-11 5.950819e-02 2.712640e-12 7.010287e-03              0.467743           2.616302e-02     4.811418e-03     4.695235e-04
EEG Cp2 1.890363e-10 3.762219e-11 1.990210e-01 1.083117e-11 5.729679e-02 7.371883e-12 3.899719e-02 1.447282e-11 7.656108e-02 1.407516e-12 7.445746e-03              0.429045           2.038105e-02     7.166996e-03     2.152455e-04
EEG Cp6 3.870261e-10 8.752317e-11 2.261428e-01 3.130868e-11 8.089553e-02 1.827260e-11 4.721285e-02 2.962913e-11 7.655591e-02 3.849288e-12 9.945810e-03              0.382321           3.470209e-02     8.104787e-03     6.008837e-04
EEG F10 4.839051e-10 1.404617e-10 2.902671e-01 4.290934e-11 8.867304e-02 2.188262e-11 4.522090e-02 3.486999e-11 7.205957e-02 4.259026e-12 8.801367e-03              0.390323           2.326725e-02     1.744089e-03     5.256468e-04
   SPO2 0.000000e+00 0.000000e+00          NaN 0.000000e+00          NaN 0.000000e+00          NaN 0.000000e+00          NaN 0.000000e+00          NaN                   NaN                    NaN              NaN              NaN
     HR 0.000000e+00 0.000000e+00          NaN 0.000000e+00          NaN 0.000000e+00          NaN 0.000000e+00          NaN 0.000000e+00          NaN                   NaN                    NaN              NaN              NaN
      1 3.316603e-08 5.859059e-09 1.766585e-01 1.490105e-09 4.492866e-02 1.345845e-09 4.057903e-02 1.885514e-09 5.685076e-02 6.096185e-10 1.838081e-02              0.399987           5.751961e-02     1.237306e-03     1.485804e-03
      2 1.640446e-07 6.395435e-08 3.898595e-01 1.234296e-08 7.524146e-02 7.252022e-09 4.420763e-02 1.056385e-08 6.439621e-02 3.741496e-09 2.280780e-02              0.323246           4.617680e-02     1.848063e-03     8.466208e-04
EEG FP2 7.330088e-10 2.458192e-10 3.353564e-01 1.537344e-11 2.097307e-02 4.762131e-12 6.496690e-03 1.383117e-11 1.886904e-02 2.054394e-12 2.802686e-03              0.533225           8.789316e-03     1.533977e-03     1.803958e-04
 EEG P9 1.083880e-07 6.797307e-10 6.271270e-03 4.480374e-11 4.133642e-04 1.819680e-11 1.678857e-04 3.276622e-11 3.023047e-04 1.214201e-11 1.120235e-04              0.008173           8.818781e-01     8.806627e-01     1.074285e-05
EEG P10 1.185467e-07 6.857951e-10 5.785020e-03 4.469628e-11 3.770352e-04 1.847086e-11 1.558108e-04 3.297099e-11 2.781265e-04 1.227968e-11 1.035852e-04              0.007613           8.853822e-01     8.842003e-01     1.016302e-05
   PLET 0.000000e+00 0.000000e+00          NaN 0.000000e+00          NaN 0.000000e+00          NaN 0.000000e+00          NaN 0.000000e+00          NaN                   NaN                    NaN              NaN              NaN
     61 1.210261e-07 7.017310e-10 5.798181e-03 4.624221e-11 3.820847e-04 1.911771e-11 1.579636e-04 3.352948e-11 2.770434e-04 1.265765e-11 1.045861e-04              0.007578           8.867425e-01     8.855672e-01     1.008781e-05
     62 1.162689e-07 6.832469e-10 5.876435e-03 4.476212e-11 3.849877e-04 1.835560e-11 1.578719e-04 3.284968e-11 2.825319e-04 1.219401e-11 1.048776e-04              0.007705           8.816001e-01     8.804007e-01     1.027403e-05
     63 1.245391e-07 6.884836e-10 5.528250e-03 4.569830e-11 3.669393e-04 1.869223e-11 1.500912e-04 3.340474e-11 2.682268e-04 1.261372e-11 1.012832e-04              0.007115           8.879730e-01     8.868061e-01     9.753865e-06
     64 1.193360e-07 7.067032e-10 5.921962e-03 4.621418e-11 3.872611e-04 1.879007e-11 1.574552e-04 3.359995e-11 2.815576e-04 1.254639e-11 1.051350e-04              0.007677           8.783626e-01     8.771519e-01     1.006953e-05
 EEG T3 4.841936e-10 1.058532e-10 2.186174e-01 3.736489e-11 7.716930e-02 2.152168e-11 4.444849e-02 4.120892e-11 8.510835e-02 1.378786e-11 2.847593e-02              0.262264           1.465985e-01     1.304411e-02     3.833033e-03
 EEG CZ 1.590833e-10 2.773236e-11 1.743261e-01 2.962406e-12 1.862174e-02 1.681601e-12 1.057057e-02 5.350238e-12 3.363169e-02 5.603395e-13 3.522303e-03              0.499049           2.358186e-02     1.762374e-02     1.013539e-04
      3 1.188215e-07 7.130046e-10 6.000639e-03 4.651808e-11 3.914956e-04 1.853082e-11 1.559551e-04 3.311491e-11 2.786947e-04 1.228379e-11 1.033802e-04              0.007719           8.881021e-01     8.869373e-01     9.977797e-06
     23 1.130995e-07 6.862544e-10 6.067703e-03 4.464552e-11 3.947454e-04 1.826835e-11 1.615246e-04 3.302787e-11 2.920248e-04 1.236350e-11 1.093152e-04              0.007835           8.863272e-01     8.851391e-01     1.025215e-05
     33 1.442952e-07 7.496813e-10 5.195469e-03 5.041770e-11 3.494066e-04 2.023232e-11 1.402148e-04 3.476901e-11 2.409575e-04 1.288268e-11 8.928004e-05              0.006540           8.923174e-01     8.911944e-01     8.820511e-06
     31 1.134410e-07 6.767804e-10 5.965923e-03 4.495946e-11 3.963245e-04 1.850164e-11 1.630948e-04 3.269245e-11 2.881889e-04 1.220408e-11 1.075808e-04              0.007858           8.863385e-01     8.851570e-01     9.995054e-06
      A 2.311269e-05 5.933053e-06 2.567011e-01 1.341148e-06 5.802647e-02 8.074744e-07 3.493640e-02 1.439638e-06 6.228778e-02 5.832319e-07 2.523427e-02              0.324739           7.262932e-02     2.958024e-03     1.937948e-03
      B 1.543011e-10 2.321079e-11 1.504254e-01 5.897023e-12 3.821765e-02 4.328257e-12 2.805073e-02 9.092533e-12 5.892722e-02 4.915155e-12 3.185432e-02              0.120312           4.265467e-01     3.217393e-01     2.862981e-03
      C 1.345251e-10 2.152905e-11 1.600374e-01 6.300666e-12 4.683637e-02 4.498129e-12 3.343710e-02 9.295450e-12 6.909826e-02 4.973009e-12 3.696715e-02              0.119969           3.762094e-01     2.560265e-01     3.411096e-03
      D 3.181362e-10 2.287864e-11 7.191462e-02 5.713454e-12 1.795914e-02 4.076411e-12 1.281341e-02 8.624498e-12 2.710945e-02 4.544006e-12 1.428321e-02              0.053757           7.135169e-01     6.644857e-01     1.355169e-03
     MK 1.913240e-42 2.671292e-75 1.396214e-33 7.847660e-76 4.101765e-34 4.156647e-76 2.172570e-34 1.445299e-75 7.554200e-34 1.780236e-75 9.304826e-34              0.250000           6.366382e-33     1.307504e-34     6.006195e-35

# CORRELATION_SUMMARY
 sfreq  n_channels  mean_abs_corr  max_corr  min_corr  low_corr_flag
 512.0          49       0.239936  0.999591 -0.613872          False

# HIGH_CORRELATION_PAIRS
 sfreq    ch_a    ch_b     corr
 512.0 EEG Fp1 EEG FP2 0.917133
 512.0 EEG Cp1  EEG Pz 0.905995
 512.0  EEG P9 EEG P10 0.999574
 512.0  EEG P9      61 0.999189
 512.0  EEG P9      62 0.999575
 512.0  EEG P9      63 0.999394
 512.0  EEG P9      64 0.998927
 512.0  EEG P9       3 0.998755
 512.0  EEG P9      23 0.999432
 512.0  EEG P9      33 0.997222
 512.0  EEG P9      31 0.999479
 512.0 EEG P10      61 0.999361
 512.0 EEG P10      62 0.999572
 512.0 EEG P10      63 0.999569
 512.0 EEG P10      64 0.998836
 512.0 EEG P10       3 0.999010
 512.0 EEG P10      23 0.999542
 512.0 EEG P10      33 0.997705
 512.0 EEG P10      31 0.999591
 512.0      61      62 0.999069
 512.0      61      63 0.999388
 512.0      61      64 0.997944
 512.0      61       3 0.999290
 512.0      61      23 0.999360
 512.0      61      33 0.998351
 512.0      61      31 0.999415
 512.0      62      63 0.999400
 512.0      62      64 0.999267
 512.0      62       3 0.998493
 512.0      62      23 0.999351
 512.0      62      33 0.996936
 512.0      62      31 0.999397
 512.0      63      64 0.998538
 512.0      63       3 0.999161
 512.0      63      23 0.999529
 512.0      63      33 0.998158
 512.0      63      31 0.999537
 512.0      64       3 0.996915
 512.0      64      23 0.998409
 512.0      64      33 0.994957
 512.0      64      31 0.998439
 512.0       3      23 0.999171
 512.0       3      33 0.999077
 512.0       3      31 0.999232
 512.0      23      33 0.998030
 512.0      23      31 0.999550
 512.0      33      31 0.998044
 512.0       A       B 0.973694
 512.0       A       C 0.972781
 512.0       A       D 0.963595
 512.0       B       C 0.994030
 512.0       B       D 0.990725
 512.0       C       D 0.989349

# ANNOTATION_EVENTS
<empty>

# ANNOTATION_SUMMARY
<empty>

# SEIZURE_LIST_EVENTS
      file  start_sec  end_sec  duration_sec  in_range
PN14-3.edf    17540.0  17581.0          41.0      True

# ANNOTATION_SEIZURE_CONSISTENCY
{}

# PLOT_FILES
[
  "annotation_distribution.png",
  "channel_std_p2p.png",
  "corr_group.png",
  "flatline_saturation.png",
  "psd_overview.png",
  "raw_preview_page_01.png",
  "raw_preview_page_02.png",
  "raw_preview_page_03.png",
  "seizure_timeline.png"
]
