# FILE_METADATA
{
  "edf": "E:\\BaiduSyncdisk\\nuro_work\\data\\raw\\siena\\PN14\\PN14-1.edf",
  "size_bytes": 394797568,
  "readable": true,
  "duration_sec": 7868.0,
  "n_channels": 49,
  "multi_sampling_rate": false,
  "line_freq": null,
  "recording_type": "EDF",
  "start_time_pyedflib": "2017-01-01T11:44:58",
  "start_time_mne": "2017-01-01 11:44:58+00:00"
}

# QC_THRESHOLDS
{
  "flatline_eps": 1e-12,
  "flatline_min_run_sec": 1.0,
  "saturation_pct": 0.995,
  "robust_z_thresh": 8.0,
  "robust_z_bad_ratio": 0.05,
  "low_variance_quantile": 0.05,
  "high_variance_quantile": 0.95,
  "extreme_p2p_quantile": 0.98,
  "high_corr_threshold": 0.9,
  "low_mean_abs_corr_threshold": 0.2
}

# FILE_FLAGS
[]

# CHANNEL_METADATA
channel channel_type unit_raw unit_norm  sfreq  phys_min   phys_max  dig_min  dig_max  empty_name  duplicated_name  phys_range_invalid  dig_range_invalid
EEG Fp1      unknown       uV        uV  512.0   -4096.0   4095.875 -32768.0  32767.0       False            False               False              False
 EEG F3      unknown       uV        uV  512.0   -4096.0   4095.875 -32768.0  32767.0       False            False               False              False
 EEG C3      unknown       uV        uV  512.0   -4096.0   4095.875 -32768.0  32767.0       False            False               False              False
 EEG P3      unknown       uV        uV  512.0   -4096.0   4095.875 -32768.0  32767.0       False            False               False              False
 EEG O1      unknown       uV        uV  512.0   -4096.0   4095.875 -32768.0  32767.0       False            False               False              False
 EEG F7      unknown       uV        uV  512.0   -4096.0   4095.875 -32768.0  32767.0       False            False               False              False
 EEG T5      unknown       uV        uV  512.0   -4096.0   4095.875 -32768.0  32767.0       False            False               False              False
EEG Fc1      unknown       uV        uV  512.0   -4096.0   4095.875 -32768.0  32767.0       False            False               False              False
EEG Fc5      unknown       uV        uV  512.0   -4096.0   4095.875 -32768.0  32767.0       False            False               False              False
EEG Cp1      unknown       uV        uV  512.0   -4096.0   4095.875 -32768.0  32767.0       False            False               False              False
EEG Cp5      unknown       uV        uV  512.0   -4096.0   4095.875 -32768.0  32767.0       False            False               False              False
 EEG F9      unknown       uV        uV  512.0   -4096.0   4095.875 -32768.0  32767.0       False            False               False              False
 EEG Fz      unknown       uV        uV  512.0   -4096.0   4095.875 -32768.0  32767.0       False            False               False              False
 EEG Pz      unknown       uV        uV  512.0   -4096.0   4095.875 -32768.0  32767.0       False            False               False              False
 EEG F4      unknown       uV        uV  512.0   -4096.0   4095.875 -32768.0  32767.0       False            False               False              False
 EEG C4      unknown       uV        uV  512.0   -4096.0   4095.875 -32768.0  32767.0       False            False               False              False
 EEG P4      unknown       uV        uV  512.0   -4096.0   4095.875 -32768.0  32767.0       False            False               False              False
 EEG O2      unknown       uV        uV  512.0   -4096.0   4095.875 -32768.0  32767.0       False            False               False              False
 EEG F8      unknown       uV        uV  512.0   -4096.0   4095.875 -32768.0  32767.0       False            False               False              False
 EEG T4      unknown       uV        uV  512.0   -4096.0   4095.875 -32768.0  32767.0       False            False               False              False
 EEG T6      unknown       uV        uV  512.0   -4096.0   4095.875 -32768.0  32767.0       False            False               False              False
EEG Fc2      unknown       uV        uV  512.0   -4096.0   4095.875 -32768.0  32767.0       False            False               False              False
EEG Fc6      unknown       uV        uV  512.0   -4096.0   4095.875 -32768.0  32767.0       False            False               False              False
EEG Cp2      unknown       uV        uV  512.0   -4096.0   4095.875 -32768.0  32767.0       False            False               False              False
EEG Cp6      unknown       uV        uV  512.0   -4096.0   4095.875 -32768.0  32767.0       False            False               False              False
EEG F10      unknown       uV        uV  512.0   -4096.0   4095.875 -32768.0  32767.0       False            False               False              False
   SPO2         spo2        %         %  512.0  -32768.0  32767.000 -32768.0  32767.0       False            False               False              False
     HR      unknown      bpm       bpm  512.0  -32768.0  32767.000 -32768.0  32767.0       False            False               False              False
      1      unknown       uV        uV  512.0   -4096.0   4095.875 -32768.0  32767.0       False            False               False              False
      2      unknown       uV        uV  512.0   -4096.0   4095.875 -32768.0  32767.0       False            False               False              False
EEG FP2      unknown       uV        uV  512.0   -4096.0   4095.875 -32768.0  32767.0       False            False               False              False
 EEG P9      unknown       uV        uV  512.0   -4096.0   4095.875 -32768.0  32767.0       False            False               False              False
EEG P10      unknown       uV        uV  512.0   -4096.0   4095.875 -32768.0  32767.0       False            False               False              False
   PLET          eeg       au        au  512.0  -32768.0  32767.000 -32768.0  32767.0       False            False               False              False
     61      unknown       uV        uV  512.0   -4096.0   4095.875 -32768.0  32767.0       False            False               False              False
     62      unknown       uV        uV  512.0   -4096.0   4095.875 -32768.0  32767.0       False            False               False              False
     63      unknown       uV        uV  512.0   -4096.0   4095.875 -32768.0  32767.0       False            False               False              False
     64      unknown       uV        uV  512.0   -4096.0   4095.875 -32768.0  32767.0       False            False               False              False
 EEG T3      unknown       uV        uV  512.0   -4096.0   4095.875 -32768.0  32767.0       False            False               False              False
 EEG CZ      unknown       uV        uV  512.0   -4096.0   4095.875 -32768.0  32767.0       False            False               False              False
      3      unknown       uV        uV  512.0   -4096.0   4095.875 -32768.0  32767.0       False            False               False              False
     23      unknown       uV        uV  512.0   -4096.0   4095.875 -32768.0  32767.0       False            False               False              False
     33      unknown       uV        uV  512.0   -4096.0   4095.875 -32768.0  32767.0       False            False               False              False
     31      unknown       uV        uV  512.0   -4096.0   4095.875 -32768.0  32767.0       False            False               False              False
      A      unknown       uV        uV  512.0 -499712.0 499696.800 -32768.0  32767.0       False            False               False              False
      B      unknown       uV        uV  512.0 -499712.0 499696.800 -32768.0  32767.0       False            False               False              False
      C          eeg       uV        uV  512.0 -499712.0 499696.800 -32768.0  32767.0       False            False               False              False
      D      unknown       uV        uV  512.0 -499712.0 499696.800 -32768.0  32767.0       False            False               False              False
     MK      unknown       uV        uV  512.0  -32768.0  32767.000 -32768.0  32767.0       False            False               False              False

# CHANNEL_QC_STATS
channel          mean          std       min      max  peak_to_peak        median       q01       q05       q25      q75      q95      q99      iqr      mad  nan_count  inf_count  nan_inf_ratio  flatline_total_sec  flatline_ratio  flatline_longest_sec  saturation_ratio  robust_z_outlier_ratio  low_variance_flag  high_variance_flag  extreme_peak_to_peak_flag
EEG Fp1 -3.117006e-07 1.670368e-04 -0.004096 0.004096      0.008192 -2.250000e-06 -0.000276 -0.000086 -0.000019 0.000013 0.000064 0.000214 0.000032 0.000016          0          0            0.0            0.000000        0.000000              0.000000               0.0                0.026907              False               False                      False
 EEG F3  8.684795e-07 9.060876e-05 -0.000967 0.003537      0.004504 -2.500000e-07 -0.000173 -0.000055 -0.000012 0.000011 0.000046 0.000190 0.000022 0.000011          0          0            0.0            0.000000        0.000000              0.000000               0.0                0.028731              False               False                      False
 EEG C3 -7.720997e-07 2.426087e-05 -0.001062 0.001716      0.002778 -1.125000e-06 -0.000061 -0.000032 -0.000011 0.000008 0.000031 0.000064 0.000019 0.000010          0          0            0.0            0.000000        0.000000              0.000000               0.0                0.003573              False               False                      False
 EEG P3  9.577806e-07 1.945838e-05 -0.000428 0.000699      0.001127  8.750000e-07 -0.000053 -0.000026 -0.000008 0.000010 0.000028 0.000051 0.000018 0.000009          0          0            0.0            0.000000        0.000000              0.000000               0.0                0.001917              False               False                      False
 EEG O1 -9.819506e-07 3.866191e-05 -0.000565 0.000849      0.001414 -1.500000e-06 -0.000093 -0.000040 -0.000014 0.000011 0.000038 0.000075 0.000025 0.000012          0          0            0.0            0.000000        0.000000              0.000000               0.0                0.006700              False               False                      False
 EEG F7  1.280883e-06 3.888399e-05 -0.001972 0.000934      0.002906  1.875000e-06 -0.000118 -0.000052 -0.000013 0.000016 0.000053 0.000116 0.000029 0.000014          0          0            0.0            0.000000        0.000000              0.000000               0.0                0.005731              False               False                      False
 EEG T5  1.062260e-06 3.457616e-05 -0.000589 0.001655      0.002244  2.500000e-07 -0.000075 -0.000036 -0.000012 0.000013 0.000040 0.000074 0.000024 0.000012          0          0            0.0            0.000000        0.000000              0.000000               0.0                0.003600              False               False                      False
EEG Fc1 -2.144456e-06 1.002525e-05 -0.000504 0.000528      0.001031 -2.125000e-06 -0.000028 -0.000016 -0.000007 0.000003 0.000012 0.000023 0.000010 0.000005          0          0            0.0            0.000000        0.000000              0.000000               0.0                0.002143              False               False                      False
EEG Fc5 -5.538469e-07 2.869769e-05 -0.001385 0.000744      0.002129 -1.250000e-07 -0.000084 -0.000043 -0.000012 0.000012 0.000040 0.000078 0.000024 0.000012          0          0            0.0            0.000000        0.000000              0.000000               0.0                0.002788              False               False                      False
EEG Cp1 -2.245022e-06 1.520940e-05 -0.000468 0.000414      0.000882 -2.250000e-06 -0.000045 -0.000024 -0.000010 0.000005 0.000019 0.000037 0.000015 0.000007          0          0            0.0            0.000000        0.000000              0.000000               0.0                0.001969              False               False                      False
EEG Cp5 -2.756224e-07 2.380098e-05 -0.000810 0.001114      0.001924 -6.250000e-07 -0.000062 -0.000032 -0.000011 0.000010 0.000032 0.000060 0.000021 0.000011          0          0            0.0            0.000000        0.000000              0.000000               0.0                0.002556              False               False                      False
 EEG F9 -1.441479e-06 6.865977e-05 -0.001162 0.002804      0.003966 -2.000000e-06 -0.000133 -0.000059 -0.000018 0.000014 0.000052 0.000126 0.000032 0.000016          0          0            0.0            0.000000        0.000000              0.000000               0.0                0.008777              False               False                      False
 EEG Fz -1.517562e-06 2.458050e-05 -0.000569 0.000995      0.001564 -2.750000e-06 -0.000050 -0.000025 -0.000010 0.000005 0.000025 0.000074 0.000015 0.000007          0          0            0.0            0.000000        0.000000              0.000000               0.0                0.011452              False               False                      False
 EEG Pz  2.277453e-07 1.811257e-05 -0.000699 0.000409      0.001108  3.750000e-07 -0.000051 -0.000025 -0.000008 0.000009 0.000024 0.000045 0.000017 0.000009          0          0            0.0            0.000000        0.000000              0.000000               0.0                0.002588              False               False                      False
 EEG F4  5.558677e-08 3.168123e-05 -0.000506 0.000492      0.000998 -2.500000e-07 -0.000088 -0.000041 -0.000011 0.000010 0.000038 0.000109 0.000022 0.000011          0          0            0.0            0.000000        0.000000              0.000000               0.0                0.010181              False               False                      False
 EEG C4  2.416137e-06 2.119836e-05 -0.000850 0.001380      0.002230  2.250000e-06 -0.000053 -0.000027 -0.000007 0.000012 0.000032 0.000060 0.000019 0.000010          0          0            0.0            0.000000        0.000000              0.000000               0.0                0.001871              False               False                      False
 EEG P4  1.675461e-06 1.875368e-05 -0.000618 0.000585      0.001202  1.625000e-06 -0.000052 -0.000025 -0.000008 0.000011 0.000029 0.000054 0.000019 0.000009          0          0            0.0            0.000000        0.000000              0.000000               0.0                0.001285              False               False                      False
 EEG O2 -8.249931e-07 2.947671e-05 -0.000928 0.000536      0.001465 -1.000000e-06 -0.000081 -0.000038 -0.000013 0.000011 0.000036 0.000068 0.000024 0.000012          0          0            0.0            0.000000        0.000000              0.000000               0.0                0.003489              False               False                      False
 EEG F8  1.388411e-07 3.891245e-05 -0.001996 0.001115      0.003111  1.000000e-06 -0.000119 -0.000053 -0.000015 0.000016 0.000051 0.000112 0.000030 0.000015          0          0            0.0            0.000000        0.000000              0.000000               0.0                0.004897              False               False                      False
 EEG T4  2.169084e-06 3.294825e-05 -0.002229 0.001545      0.003773  2.750000e-06 -0.000087 -0.000042 -0.000011 0.000016 0.000046 0.000084 0.000027 0.000013          0          0            0.0            0.000000        0.000000              0.000000               0.0                0.002637              False               False                      False
 EEG T6 -1.407445e-06 2.525235e-05 -0.001059 0.000553      0.001612 -1.375000e-06 -0.000075 -0.000038 -0.000013 0.000011 0.000036 0.000069 0.000024 0.000012          0          0            0.0            0.000000        0.000000              0.000000               0.0                0.001543              False               False                      False
EEG Fc2 -1.681955e-06 1.333701e-05 -0.000480 0.000475      0.000955 -1.875000e-06 -0.000037 -0.000020 -0.000008 0.000005 0.000017 0.000035 0.000013 0.000007          0          0            0.0            0.000000        0.000000              0.000000               0.0                0.002106              False               False                      False
EEG Fc6  2.264045e-06 2.631810e-05 -0.000894 0.000496      0.001391  2.500000e-06 -0.000075 -0.000037 -0.000010 0.000015 0.000041 0.000077 0.000024 0.000012          0          0            0.0            0.000000        0.000000              0.000000               0.0                0.001493              False               False                      False
EEG Cp2 -4.699636e-08 1.508041e-05 -0.000517 0.000461      0.000978  0.000000e+00 -0.000042 -0.000021 -0.000007 0.000007 0.000021 0.000040 0.000015 0.000007          0          0            0.0            0.000000        0.000000              0.000000               0.0                0.001824              False               False                      False
EEG Cp6 -1.557299e-06 2.325040e-05 -0.000828 0.001050      0.001878 -1.750000e-06 -0.000065 -0.000034 -0.000012 0.000009 0.000032 0.000062 0.000021 0.000011          0          0            0.0            0.000000        0.000000              0.000000               0.0                0.002116              False               False                      False
EEG F10 -2.674233e-06 3.665158e-05 -0.000931 0.000904      0.001835 -2.500000e-06 -0.000111 -0.000056 -0.000019 0.000014 0.000050 0.000104 0.000033 0.000017          0          0            0.0            0.000000        0.000000              0.000000               0.0                0.002205              False               False                      False
   SPO2  0.000000e+00 0.000000e+00  0.000000 0.000000      0.000000  0.000000e+00  0.000000  0.000000  0.000000 0.000000 0.000000 0.000000 0.000000 0.000000          0          0            0.0         7867.998047        1.000000           7867.998047               0.0                0.000000               True               False                      False
     HR  0.000000e+00 0.000000e+00  0.000000 0.000000      0.000000  0.000000e+00  0.000000  0.000000  0.000000 0.000000 0.000000 0.000000 0.000000 0.000000          0          0            0.0         7867.998047        1.000000           7867.998047               0.0                0.000000               True               False                      False
      1  1.195692e-06 1.566270e-04 -0.004096 0.004090      0.008186  1.387500e-05 -0.000558 -0.000243 -0.000037 0.000056 0.000184 0.000418 0.000092 0.000046          0          0            0.0            0.000000        0.000000              0.000000               0.0                0.017105              False               False                      False
      2 -1.516629e-06 2.384346e-04 -0.004096 0.004080      0.008176 -3.725000e-05 -0.000629 -0.000279 -0.000096 0.000063 0.000362 0.000870 0.000159 0.000073          0          0            0.0            0.000000        0.000000              0.000000               0.0                0.015051              False                True                      False
EEG FP2 -2.639700e-07 1.908004e-04 -0.004096 0.004092      0.008188 -1.000000e-06 -0.000297 -0.000077 -0.000017 0.000013 0.000060 0.000186 0.000030 0.000015          0          0            0.0            1.484375        0.000189              1.484375               0.0                0.026175              False               False                      False
 EEG P9  7.544244e-07 1.889412e-04 -0.004096 0.004094      0.008190 -1.750000e-06 -0.000368 -0.000192 -0.000080 0.000077 0.000191 0.000413 0.000157 0.000078          0          0            0.0            0.000000        0.000000              0.000000               0.0                0.005162              False               False                      False
EEG P10 -1.915267e-06 1.931749e-04 -0.004096 0.004091      0.008187 -4.500000e-06 -0.000378 -0.000201 -0.000086 0.000077 0.000195 0.000419 0.000163 0.000082          0          0            0.0            0.000000        0.000000              0.000000               0.0                0.004978              False               False                      False
   PLET  0.000000e+00 0.000000e+00  0.000000 0.000000      0.000000  0.000000e+00  0.000000  0.000000  0.000000 0.000000 0.000000 0.000000 0.000000 0.000000          0          0            0.0         7867.998047        1.000000           7867.998047               0.0                0.000000               True               False                      False
     61  4.619776e-07 1.960693e-04 -0.004096 0.004092      0.008188 -2.250000e-06 -0.000383 -0.000201 -0.000085 0.000081 0.000201 0.000431 0.000166 0.000083          0          0            0.0            0.000000        0.000000              0.000000               0.0                0.005002              False               False                      False
     62  6.470533e-08 1.944151e-04 -0.004096 0.004092      0.008188 -2.500000e-06 -0.000381 -0.000198 -0.000083 0.000078 0.000197 0.000427 0.000161 0.000081          0          0            0.0            0.000000        0.000000              0.000000               0.0                0.005161              False               False                      False
     63  1.017024e-06 1.958349e-04 -0.004096 0.004090      0.008186 -1.625000e-06 -0.000380 -0.000202 -0.000085 0.000082 0.000202 0.000431 0.000167 0.000083          0          0            0.0            0.000000        0.000000              0.000000               0.0                0.004889              False               False                      False
     64  2.571031e-06 1.959925e-04 -0.004096 0.004091      0.008187 -1.250000e-07 -0.000380 -0.000198 -0.000081 0.000081 0.000201 0.000432 0.000162 0.000081          0          0            0.0            0.000000        0.000000              0.000000               0.0                0.005161              False               False                      False
 EEG T3 -1.160389e-06 3.349576e-05 -0.002568 0.001387      0.003955 -5.000000e-07 -0.000087 -0.000044 -0.000014 0.000013 0.000041 0.000075 0.000027 0.000013          0          0            0.0            0.000000        0.000000              0.000000               0.0                0.002903              False               False                      False
 EEG CZ -3.994243e-07 1.126370e-05 -0.000498 0.000524      0.001022 -2.500000e-07 -0.000033 -0.000016 -0.000006 0.000005 0.000015 0.000029 0.000011 0.000006          0          0            0.0            0.000000        0.000000              0.000000               0.0                0.002090              False               False                      False
      3 -8.889586e-07 1.931997e-04 -0.004096 0.004095      0.008191 -3.500000e-06 -0.000380 -0.000199 -0.000085 0.000078 0.000196 0.000424 0.000162 0.000081          0          0            0.0            0.000000        0.000000              0.000000               0.0                0.005066              False               False                      False
     23 -3.511922e-07 1.890452e-04 -0.004096 0.004093      0.008189 -2.875000e-06 -0.000368 -0.000195 -0.000083 0.000077 0.000193 0.000411 0.000160 0.000080          0          0            0.0            0.000000        0.000000              0.000000               0.0                0.004979              False               False                      False
     33  1.657316e-06 2.045659e-04 -0.004096 0.004091      0.008187 -1.125000e-06 -0.000398 -0.000213 -0.000089 0.000087 0.000215 0.000450 0.000175 0.000088          0          0            0.0            0.000000        0.000000              0.000000               0.0                0.004828              False                True                      False
     31 -4.982440e-07 1.897071e-04 -0.004096 0.004090      0.008186 -3.000000e-06 -0.000371 -0.000195 -0.000083 0.000077 0.000192 0.000413 0.000160 0.000080          0          0            0.0            0.000000        0.000000              0.000000               0.0                0.005022              False               False                      False
      A  6.013794e-03 2.556141e-03 -0.013206 0.021701      0.034907  6.435525e-03 -0.000793  0.000778  0.004484 0.008022 0.009440 0.010004 0.003538 0.001739          0          0            0.0            0.000000        0.000000              0.000000               0.0                0.000000              False                True                       True
      B  4.279823e-03 2.267497e-05  0.003858 0.005612      0.001754  4.285275e-03  0.004224  0.004240  0.004270 0.004285 0.004301 0.004362 0.000015 0.000015          0          0            0.0            0.000000        0.000000              0.000000               0.0                0.000021              False               False                      False
      C  7.301535e-03 2.194450e-05  0.006817 0.008433      0.001617  7.304775e-03  0.007244  0.007259  0.007290 0.007320 0.007320 0.007381 0.000031 0.000015          0          0            0.0            0.000000        0.000000              0.000000               0.0                0.000018              False               False                      False
      D  7.139976e-03 2.279964e-05  0.006115 0.009699      0.003584  7.137025e-03  0.007076  0.007107  0.007137 0.007152 0.007168 0.007213 0.000015 0.000015          0          0            0.0            0.000000        0.000000              0.000000               0.0                0.000102              False               False                      False
     MK  8.000707e-06 1.504087e-07  0.000008 0.000040      0.000032  8.000000e-06  0.000008  0.000008  0.000008 0.000008 0.000008 0.000008 0.000000 0.000000          0          0            0.0         7867.822266        0.999978           7344.027344               0.0                0.000000              False               False                      False

# CHANNEL_FLAGS
[
  {
    "channel": "SPO2",
    "flags": [
      "low_variance",
      "high_flatline_ratio"
    ]
  },
  {
    "channel": "HR",
    "flags": [
      "low_variance",
      "high_flatline_ratio"
    ]
  },
  {
    "channel": "2",
    "flags": [
      "high_variance"
    ]
  },
  {
    "channel": "PLET",
    "flags": [
      "low_variance",
      "high_flatline_ratio"
    ]
  },
  {
    "channel": "33",
    "flags": [
      "high_variance"
    ]
  },
  {
    "channel": "A",
    "flags": [
      "high_variance",
      "extreme_p2p"
    ]
  },
  {
    "channel": "MK",
    "flags": [
      "high_flatline_ratio"
    ]
  }
]

# PSD_FEATURES
channel  total_power  delta_power  delta_ratio  theta_power  theta_ratio  alpha_power  alpha_ratio   beta_power   beta_ratio  gamma_power  gamma_ratio  low_freq_drift_ratio  high_freq_noise_ratio  line_50hz_ratio  line_60hz_ratio
EEG Fp1 1.337049e-08 4.197319e-09 3.139241e-01 5.634689e-11 4.214273e-03 8.327563e-12 6.228316e-04 2.075331e-11 1.552173e-03 1.655340e-11 1.238055e-03              0.586631           5.150081e-03     3.295443e-04     1.828991e-04
 EEG F3 5.579586e-09 1.543777e-09 2.766830e-01 8.137298e-12 1.458405e-03 2.092820e-12 3.750851e-04 8.979774e-12 1.609398e-03 3.764714e-12 6.747300e-04              0.575930           3.030489e-03     3.724973e-04     8.385758e-05
 EEG C3 3.311653e-10 4.169814e-11 1.259134e-01 7.100098e-12 2.143974e-02 4.635541e-12 1.399766e-02 2.241904e-11 6.769744e-02 1.602918e-11 4.840236e-02              0.109205           3.242051e-01     1.180629e-02     9.711922e-03
 EEG P3 1.832119e-10 6.546708e-11 3.573299e-01 1.222705e-11 6.673724e-02 7.136856e-12 3.895411e-02 1.995356e-11 1.089097e-01 5.206927e-12 2.842025e-02              0.270314           8.709164e-02     4.483994e-03     2.296234e-03
 EEG O1 3.347392e-10 1.113277e-10 3.325805e-01 2.394021e-11 7.151901e-02 1.450202e-11 4.332333e-02 3.438382e-11 1.027182e-01 1.532514e-11 4.578232e-02              0.240921           1.487676e-01     8.241194e-03     4.631961e-03
 EEG F7 8.062512e-10 2.208908e-10 2.739726e-01 1.821241e-11 2.258900e-02 6.925303e-12 8.589511e-03 2.903131e-11 3.600777e-02 1.779917e-11 2.207645e-02              0.315473           1.275436e-01     5.099322e-03     3.840394e-03
 EEG T5 3.867546e-10 1.279982e-10 3.309546e-01 3.040264e-11 7.860965e-02 1.985515e-11 5.133785e-02 4.134573e-11 1.069043e-01 1.389014e-11 3.591461e-02              0.243840           1.123065e-01     5.981732e-03     3.279861e-03
EEG Fc1 3.956094e-11 1.014967e-11 2.565579e-01 1.450751e-12 3.667129e-02 7.590353e-13 1.918648e-02 3.200807e-12 8.090827e-02 1.051238e-12 2.657262e-02              0.290062           1.448984e-01     2.718881e-02     3.445056e-03
EEG Fc5 5.317286e-10 8.604345e-11 1.618184e-01 1.114215e-11 2.095458e-02 6.075054e-12 1.142510e-02 3.338636e-11 6.278836e-02 2.453096e-11 4.613437e-02              0.135516           2.916171e-01     1.003939e-02     8.759725e-03
EEG Cp1 1.111956e-10 3.740879e-11 3.364234e-01 6.394352e-12 5.750547e-02 3.234985e-12 2.909276e-02 1.114714e-11 1.002481e-01 2.696799e-12 2.425276e-02              0.297902           7.738476e-02     2.768679e-03     2.100360e-03
EEG Cp5 2.623799e-10 8.597223e-11 3.276631e-01 1.608664e-11 6.131048e-02 9.935548e-12 3.786703e-02 2.536981e-11 9.669111e-02 8.619848e-12 3.285255e-02              0.231153           1.299414e-01     4.214619e-03     3.574133e-03
 EEG F9 6.914550e-10 2.811885e-10 4.066620e-01 2.756299e-11 3.986231e-02 1.182023e-11 1.709472e-02 2.689557e-11 3.889707e-02 8.222404e-12 1.189145e-02              0.362476           4.653656e-02     2.373206e-03     1.305428e-03
 EEG Fz 7.648387e-11 2.993945e-11 3.914479e-01 2.951550e-12 3.859049e-02 8.502078e-13 1.111617e-02 2.017903e-12 2.638338e-02 6.098850e-13 7.974034e-03              0.406184           3.165724e-02     7.718728e-03     7.183416e-04
 EEG Pz 1.352022e-10 5.224056e-11 3.863883e-01 8.783556e-12 6.496606e-02 3.906580e-12 2.889434e-02 1.385081e-11 1.024452e-01 3.234369e-12 2.392245e-02              0.303536           5.597868e-02     2.119935e-03     1.469192e-03
 EEG F4 5.567854e-10 8.194804e-11 1.471807e-01 7.118333e-12 1.278470e-02 3.307749e-12 5.940798e-03 1.970758e-11 3.539529e-02 1.194263e-11 2.144925e-02              0.416347           8.824498e-02     3.968052e-03     2.763818e-03
 EEG C4 2.616557e-10 4.583904e-11 1.751884e-01 7.609758e-12 2.908309e-02 4.108592e-12 1.570228e-02 1.979580e-11 7.565588e-02 1.103817e-11 4.218586e-02              0.177320           2.476536e-01     6.603565e-03     8.270138e-03
 EEG P4 2.031905e-10 6.852508e-11 3.372455e-01 1.112573e-11 5.475518e-02 5.333335e-12 2.624795e-02 2.013162e-11 9.907753e-02 5.509590e-12 2.711539e-02              0.285298           9.566785e-02     8.702520e-03     2.534715e-03
 EEG O2 3.238581e-10 1.082152e-10 3.341438e-01 1.964915e-11 6.067208e-02 1.011209e-11 3.122383e-02 3.027953e-11 9.349628e-02 1.523026e-11 4.702758e-02              0.257545           1.521206e-01     5.929619e-03     4.718380e-03
 EEG F8 8.712219e-10 2.318264e-10 2.660934e-01 1.880213e-11 2.158134e-02 7.544434e-12 8.659601e-03 2.928412e-11 3.361270e-02 1.728906e-11 1.984461e-02              0.347496           1.118659e-01     4.101307e-03     3.458103e-03
 EEG T4 5.794971e-10 1.320642e-10 2.278944e-01 2.011028e-11 3.470299e-02 1.045702e-11 1.804499e-02 4.527781e-11 7.813294e-02 2.761346e-11 4.765074e-02              0.237861           2.181683e-01     8.362811e-03     7.583515e-03
 EEG T6 3.703706e-10 1.210338e-10 3.267911e-01 2.034574e-11 5.493346e-02 1.064921e-11 2.875283e-02 3.415300e-11 9.221304e-02 1.391949e-11 3.758260e-02              0.277065           1.351132e-01     6.566532e-03     4.158240e-03
EEG Fc2 8.150285e-11 1.926888e-11 2.364198e-01 2.790578e-12 3.423902e-02 1.309996e-12 1.607301e-02 7.220847e-12 8.859625e-02 2.549272e-12 3.127831e-02              0.283007           1.555540e-01     1.847975e-02     4.331522e-03
EEG Fc6 4.380640e-10 8.916155e-11 2.035354e-01 1.218238e-11 2.780960e-02 5.603973e-12 1.279259e-02 2.822187e-11 6.442407e-02 1.549709e-11 3.537631e-02              0.237843           1.978085e-01     5.070166e-03     5.223069e-03
EEG Cp2 1.165053e-10 4.050539e-11 3.476701e-01 6.278528e-12 5.389050e-02 2.813407e-12 2.414832e-02 1.070981e-11 9.192554e-02 2.622296e-12 2.250796e-02              0.306729           7.317704e-02     2.301876e-03     2.166912e-03
EEG Cp6 3.314634e-10 8.219352e-11 2.479716e-01 1.368138e-11 4.127568e-02 6.604461e-12 1.992516e-02 2.616362e-11 7.893365e-02 1.080261e-11 3.259064e-02              0.221457           1.780721e-01     5.446468e-03     5.170655e-03
EEG F10 8.333208e-10 3.049106e-10 3.658982e-01 3.162639e-11 3.795224e-02 1.537792e-11 1.845378e-02 3.194705e-11 3.833703e-02 8.643770e-12 1.037268e-02              0.401925           4.616098e-02     1.452759e-03     1.425987e-03
   SPO2 0.000000e+00 0.000000e+00          NaN 0.000000e+00          NaN 0.000000e+00          NaN 0.000000e+00          NaN 0.000000e+00          NaN                   NaN                    NaN              NaN              NaN
     HR 0.000000e+00 0.000000e+00          NaN 0.000000e+00          NaN 0.000000e+00          NaN 0.000000e+00          NaN 0.000000e+00          NaN                   NaN                    NaN              NaN              NaN
      1 1.642793e-08 2.844484e-09 1.731493e-01 2.459265e-09 1.497003e-01 2.485065e-09 1.512708e-01 2.662322e-09 1.620607e-01 2.451730e-10 1.492416e-02              0.177535           5.532785e-02     1.293091e-02     1.417115e-03
      2 2.701022e-08 8.530023e-09 3.158073e-01 4.129452e-09 1.528848e-01 1.621884e-09 6.004707e-02 2.734266e-09 1.012308e-01 1.086184e-09 4.021382e-02              0.190286           6.769844e-02     3.060442e-03     1.084195e-03
EEG FP2 5.258605e-09 1.700660e-09 3.234052e-01 3.193754e-11 6.073387e-03 6.293780e-12 1.196854e-03 1.842443e-11 3.503673e-03 1.480262e-11 2.814933e-03              0.563348           1.060774e-02     7.941076e-04     3.566562e-04
 EEG P9 1.481036e-08 3.256758e-09 2.198972e-01 6.756251e-10 4.561841e-02 2.713249e-10 1.831994e-02 1.015088e-10 6.853901e-03 5.158504e-11 3.483037e-03              0.136531           5.259228e-01     5.204058e-01     8.466479e-05
EEG P10 1.574674e-08 3.344466e-09 2.123910e-01 7.205050e-10 4.575582e-02 2.926558e-10 1.858516e-02 1.091472e-10 6.931414e-03 5.541136e-11 3.518910e-03              0.128909           5.407099e-01     5.352233e-01     8.331965e-05
   PLET 0.000000e+00 0.000000e+00          NaN 0.000000e+00          NaN 0.000000e+00          NaN 0.000000e+00          NaN 0.000000e+00          NaN                   NaN                    NaN              NaN              NaN
     61 1.633713e-08 3.527371e-09 2.159113e-01 7.844561e-10 4.801678e-02 3.207862e-10 1.963541e-02 1.183889e-10 7.246618e-03 5.977162e-11 3.658637e-03              0.128807           5.350078e-01     5.293724e-01     8.234640e-05
     62 1.573007e-08 3.431622e-09 2.181568e-01 7.522684e-10 4.782358e-02 3.047469e-10 1.937352e-02 1.124411e-10 7.148162e-03 5.699208e-11 3.623129e-03              0.130695           5.288202e-01     5.231803e-01     8.421260e-05
     63 1.649707e-08 3.516008e-09 2.131293e-01 7.938665e-10 4.812167e-02 3.251023e-10 1.970668e-02 1.197344e-10 7.257923e-03 6.067477e-11 3.677913e-03              0.124395           5.418610e-01     5.362178e-01     8.297440e-05
     64 1.593613e-08 3.461182e-09 2.171909e-01 7.572051e-10 4.751500e-02 3.084254e-10 1.935385e-02 1.145207e-10 7.186234e-03 5.798937e-11 3.638862e-03              0.129307           5.303438e-01     5.246549e-01     8.770715e-05
 EEG T3 4.875273e-10 1.383988e-10 2.838791e-01 2.446886e-11 5.018971e-02 1.464522e-11 3.003980e-02 4.264289e-11 8.746770e-02 2.307334e-11 4.732727e-02              0.199038           2.061784e-01     7.869283e-03     7.017345e-03
 EEG CZ 5.241187e-11 2.037899e-11 3.888240e-01 2.862493e-12 5.461536e-02 1.006514e-12 1.920393e-02 4.320777e-12 8.243890e-02 9.082588e-13 1.732926e-02              0.338970           4.611683e-02     6.290486e-03     1.144462e-03
      3 1.554791e-08 3.409966e-09 2.193199e-01 7.396188e-10 4.757030e-02 3.035006e-10 1.952035e-02 1.133058e-10 7.287522e-03 5.723722e-11 3.681344e-03              0.132584           5.294979e-01     5.237994e-01     8.466517e-05
     23 1.507714e-08 3.254860e-09 2.158805e-01 6.861469e-10 4.550910e-02 2.765790e-10 1.834426e-02 1.037741e-10 6.882881e-03 5.252233e-11 3.483575e-03              0.131340           5.364470e-01     5.309684e-01     8.588891e-05
     33 1.779058e-08 3.677652e-09 2.067191e-01 9.154325e-10 5.145603e-02 3.528687e-10 1.983458e-02 1.296699e-10 7.288684e-03 5.446917e-11 3.061687e-03              0.120218           5.440205e-01     5.372981e-01     1.360775e-04
     31 1.513744e-08 3.266551e-09 2.157929e-01 6.858278e-10 4.530674e-02 2.773481e-10 1.832200e-02 1.040371e-10 6.872838e-03 5.239000e-11 3.460956e-03              0.132777           5.350754e-01     5.296384e-01     8.197852e-05
      A 6.019264e-08 1.816441e-08 3.017713e-01 1.116693e-08 1.855199e-01 6.489520e-09 1.078125e-01 9.208907e-09 1.529906e-01 1.541768e-09 2.561390e-02              0.138733           3.746903e-02     1.043603e-03     3.921164e-04
      B 6.013449e-11 7.721610e-12 1.284057e-01 3.917720e-12 6.514930e-02 3.278092e-12 5.451268e-02 6.818748e-12 1.133916e-01 4.172246e-12 6.938191e-02              0.061274           3.088559e-01     6.663095e-02     7.216023e-03
      C 5.600021e-11 7.052909e-12 1.259443e-01 3.604015e-12 6.435717e-02 3.227180e-12 5.762799e-02 6.741726e-12 1.203875e-01 4.006698e-12 7.154792e-02              0.054134           3.018559e-01     5.145375e-02     7.389784e-03
      D 8.383156e-11 1.089014e-11 1.299050e-01 5.214241e-12 6.219903e-02 4.075031e-12 4.860975e-02 7.392134e-12 8.817841e-02 4.338217e-12 5.174921e-02              0.064460           3.864543e-01     2.069900e-01     4.851218e-03
     MK 1.913240e-42 2.671292e-75 1.396214e-33 7.847660e-76 4.101765e-34 4.156647e-76 2.172570e-34 1.445299e-75 7.554200e-34 1.780236e-75 9.304826e-34              0.250000           6.366382e-33     1.307504e-34     6.006195e-35

# CORRELATION_SUMMARY
 sfreq  n_channels  mean_abs_corr  max_corr  min_corr  low_corr_flag
 512.0          49       0.210058   0.99778 -0.510405          False

# HIGH_CORRELATION_PAIRS
 sfreq    ch_a    ch_b     corr
 512.0  EEG P9 EEG P10 0.997223
 512.0  EEG P9      61 0.996028
 512.0  EEG P9      62 0.997350
 512.0  EEG P9      63 0.996879
 512.0  EEG P9      64 0.996260
 512.0  EEG P9       3 0.996947
 512.0  EEG P9      23 0.996872
 512.0  EEG P9      33 0.972088
 512.0  EEG P9      31 0.997146
 512.0 EEG P10      61 0.996387
 512.0 EEG P10      62 0.997780
 512.0 EEG P10      63 0.997409
 512.0 EEG P10      64 0.996359
 512.0 EEG P10       3 0.997127
 512.0 EEG P10      23 0.997315
 512.0 EEG P10      33 0.972755
 512.0 EEG P10      31 0.997423
 512.0      61      62 0.996529
 512.0      61      63 0.996497
 512.0      61      64 0.995089
 512.0      61       3 0.996348
 512.0      61      23 0.996044
 512.0      61      33 0.972132
 512.0      61      31 0.996074
 512.0      62      63 0.997593
 512.0      62      64 0.996845
 512.0      62       3 0.997296
 512.0      62      23 0.997285
 512.0      62      33 0.972355
 512.0      62      31 0.997353
 512.0      63      64 0.996312
 512.0      63       3 0.997216
 512.0      63      23 0.996998
 512.0      63      33 0.973308
 512.0      63      31 0.997069
 512.0      64       3 0.995767
 512.0      64      23 0.995913
 512.0      64      33 0.970551
 512.0      64      31 0.996165
 512.0       3      23 0.996996
 512.0       3      33 0.973100
 512.0       3      31 0.997177
 512.0      23      33 0.972609
 512.0      23      31 0.997136
 512.0      33      31 0.972708

# ANNOTATION_EVENTS
<empty>

# ANNOTATION_SUMMARY
<empty>

# SEIZURE_LIST_EVENTS
      file  start_sec  end_sec  duration_sec  in_range
PN14-1.edf     7262.0   7289.0          27.0      True

# ANNOTATION_SEIZURE_CONSISTENCY
{}

# PLOT_FILES
[
  "annotation_distribution.png",
  "channel_std_p2p.png",
  "corr_group.png",
  "flatline_saturation.png",
  "psd_overview.png",
  "raw_preview_page_01.png",
  "raw_preview_page_02.png",
  "raw_preview_page_03.png",
  "seizure_timeline.png"
]
